36 36 36 4
36 36 36 4
42 42 20 2
42 42 20 2
42 42 20 2
42 42 20 2
44 20 4 2
44 20 4 2
20 20 4 2
20 20 4 2
27 27 37 2
27 27 37 2
27 27 37 2
27 27 37 2
27 27 37 2
27 27 37 2
27 27 37 2
27 27 37 2
5 5 5 2
5 5 5 2
5 5 5 2
5 5 5 2
5 5 5 2
5 5 5 2
45 6 6 4
45 6 6 4
45 6 6 4
45 6 6 4
45 6 6 4
45 6 6 4
45 6 6 4
22 22 22 4
22 22 22 4
22 22 22 4
22 22 22 4
36 36 36 4
36 36 36 4
36 36 36 4
36 36 36 4
36 36 36 4
12 12 12 2
12 12 12 2
42 42 20 2
42 42 20 2
42 42 20 2
42 42 20 2
44 20 4 2
44 20 4 2
20 20 4 2
50 27 37 2
50 27 37 2
50 27 37 2
47 27 37 2
27 27 37 2
37 37 37 2
37 37 37 2
37 37 37 2
37 37 37 2
5 5 5 2
5 5 5 2
5 5 5 2
5 5 5 2
5 5 5 2
5 5 5 2
45 6 6 4
45 6 6 4
45 6 6 4
45 6 6 4
45 6 6 4
45 6 6 4
45 6 6 4
22 22 22 4
22 22 22 4
22 22 22 4
22 22 22 4
22 22 22 4
0 0 0 4
36 36 36 4
36 36 36 4
12 12 12 2
12 12 12 2
12 12 12 2
42 42 20 2
42 42 20 2
42 42 20 2
42 42 20 2
44 20 4 2
44 20 4 2
20 20 4 2
31 20 4 2
31 20 4 2
47 27 37 2
47 27 37 2
27 27 37 2
37 37 37 2
37 37 37 2
37 37 37 2
37 37 37 2
5 5 5 2
5 5 5 2
5 5 5 2
5 5 5 2
5 5 5 2
5 5 5 2
5 5 5 2
45 6 6 4
45 6 6 4
45 6 6 4
45 6 6 4
45 6 6 4
45 6 6 4
22 22 22 4
22 22 22 4
22 22 22 4
22 22 22 4
22 22 22 4
0 0 0 4
0 0 0 4
0 0 0 4
12 12 12 2
12 12 12 2
12 12 12 2
42 42 20 2
42 42 20 2
42 42 20 2
42 42 20 2
44 20 4 2
44 20 4 2
20 20 4 2
3 20 4 2
3 20 4 2
47 27 37 2
47 27 37 2
37 37 37 2
37 37 37 2
37 37 37 2
37 37 37 2
37 37 37 2
11 11 11 3
5 5 5 2
5 5 5 2
5 5 5 2
5 5 5 2
5 5 5 2
49 6 6 4
49 6 6 4
49 6 6 4
49 6 6 4
49 6 6 4
49 6 6 4
49 6 6 4
22 22 22 4
22 22 22 4
22 22 22 4
22 22 22 4
22 22 22 4
0 0 0 4
0 0 0 4
21 12 12 2
12 12 12 2
12 12 12 2
12 12 12 2
42 42 20 2
42 42 20 2
42 42 20 2
42 42 20 2
44 20 4 2
44 20 4 2
20 20 4 2
20 20 4 2
47 27 37 2
47 27 37 2
47 27 37 2
47 27 37 2
37 37 37 2
2 2 2 2
2 2 2 2
2 2 2 2
11 11 11 3
11 11 11 3
5 5 5 2
5 5 5 2
5 5 5 2
5 5 5 2
10 24 24 3
10 24 24 3
49 6 6 4
49 6 6 4
49 6 6 4
49 6 6 4
49 6 6 4
40 16 16 4
40 16 16 4
40 16 16 4
22 22 22 4
22 22 22 4
21 12 12 2
21 12 12 2
21 12 12 2
12 12 12 2
12 12 12 2
43 43 20 2
43 43 20 2
43 43 20 2
42 42 20 2
42 42 20 2
44 20 4 2
44 20 4 2
20 20 4 2
20 20 4 2
20 20 4 2
47 27 37 2
47 27 37 2
47 27 37 2
37 37 37 2
2 2 2 2
2 2 2 2
11 11 11 3
11 11 11 3
11 11 11 3
5 5 5 2
5 5 5 2
5 5 5 2
10 24 24 3
10 24 24 3
10 24 24 3
6 24 24 3
49 6 6 4
49 6 6 4
49 6 6 4
49 6 6 4
40 16 16 4
40 16 16 4
40 16 16 4
48 31 31 4
48 31 31 4
48 31 31 4
21 12 12 2
21 12 12 2
12 12 12 2
43 43 20 2
43 43 20 2
43 43 20 2
43 43 20 2
43 43 20 2
43 43 20 2
44 20 4 2
44 20 4 2
20 20 4 2
20 20 4 2
20 20 4 2
47 27 37 2
47 27 37 2
47 27 37 2
2 2 2 2
2 2 2 2
2 2 2 2
11 11 11 3
11 11 11 3
11 11 11 3
11 11 11 3
5 5 5 2
10 24 24 3
10 24 24 3
10 24 24 3
10 24 24 3
6 24 24 3
49 6 6 4
49 6 6 4
49 6 6 4
40 16 16 4
40 16 16 4
40 16 16 4
40 16 16 4
48 31 31 4
48 31 31 4
48 31 31 4
21 12 12 2
21 12 12 2
12 12 12 2
43 43 20 2
43 43 20 2
43 43 20 2
43 43 20 2
43 43 20 2
43 43 20 2
44 20 4 2
44 20 4 2
20 20 4 2
20 20 4 2
20 20 4 2
47 27 37 2
47 27 37 2
47 27 37 2
2 2 2 2
2 2 2 2
2 2 2 2
11 11 11 3
11 11 11 3
11 11 11 3
11 11 11 3
11 11 11 3
10 24 24 3
10 24 24 3
10 24 24 3
10 24 24 3
6 24 24 3
6 24 24 3
49 6 6 4
49 6 6 4
40 16 16 4
40 16 16 4
40 16 16 4
40 16 16 4
48 31 31 4
48 31 31 4
48 31 31 4
21 12 12 2
21 12 12 2
12 12 12 2
17 17 17 2
17 17 17 2
17 17 17 2
43 43 20 2
43 43 20 2
44 20 4 2
44 20 4 2
44 20 4 2
20 20 4 2
20 20 4 2
47 27 37 2
47 27 37 2
47 27 37 2
47 27 37 2
2 2 2 2
2 2 2 2
2 2 2 2
11 11 11 3
11 11 11 3
11 11 11 3
11 11 11 3
11 11 11 3
10 24 24 3
10 24 24 3
10 24 24 3
10 24 24 3
6 24 24 3
6 24 24 3
6 24 24 3
6 24 24 3
40 16 16 4
40 16 16 4
40 16 16 4
40 16 16 4
16 16 16 4
16 16 16 4
16 16 16 4
16 16 16 4
21 12 12 2
12 12 12 2
17 17 17 2
17 17 17 2
17 17 17 2
17 17 17 2
17 17 17 2
44 20 4 2
44 20 4 2
44 20 4 2
28 28 28 2
28 28 28 2
28 28 28 2
47 27 37 2
47 27 37 2
47 27 37 2
2 2 2 2
2 2 2 2
2 2 2 2
41 3 3 2
11 11 11 3
11 11 11 3
11 11 11 3
11 11 11 3
1 1 1 3
1 1 1 3
1 1 1 3
10 24 24 3
6 24 24 3
6 24 24 3
6 24 24 3
6 24 24 3
7 7 7 4
7 7 7 4
7 7 7 4
40 16 16 4
16 16 16 4
16 16 16 4
16 16 16 4
16 16 16 4
21 12 12 2
17 17 17 2
17 17 17 2
17 17 17 2
17 17 17 2
17 17 17 2
17 17 17 2
17 17 17 2
28 28 28 2
28 28 28 2
28 28 28 2
46 10 10 2
46 10 10 2
46 10 10 2
47 27 37 2
47 27 37 2
25 25 15 2
2 2 2 2
41 3 3 2
41 3 3 2
11 11 11 3
11 11 11 3
11 11 11 3
1 1 1 3
1 1 1 3
1 1 1 3
1 1 1 3
10 24 24 3
6 24 24 3
6 24 24 3
6 24 24 3
6 24 24 3
7 7 7 4
7 7 7 4
7 7 7 4
40 16 16 4
16 16 16 4
16 16 16 4
33 33 33 4
33 33 33 4
17 17 17 2
17 17 17 2
17 17 17 2
17 17 17 2
17 17 17 2
17 17 17 2
17 17 17 2
28 28 28 2
28 28 28 2
28 28 28 2
28 28 28 2
28 28 28 2
28 28 28 2
47 27 37 2
47 27 37 2
47 27 37 2
25 25 15 2
41 3 3 2
41 3 3 2
41 3 3 2
41 3 3 2
41 3 3 2
41 3 3 2
1 1 1 3
1 1 1 3
1 1 1 3
1 1 1 3
1 1 1 3
24 1 1 3
24 1 1 3
24 1 1 3
24 1 1 3
7 7 7 4
7 7 7 4
7 7 7 4
40 16 16 4
16 16 16 4
16 16 16 4
33 33 33 4
33 33 33 4
33 33 33 4
17 17 17 2
30 30 30 2
30 30 30 2
17 17 17 2
17 17 17 2
17 17 17 2
28 28 28 2
28 28 28 2
28 28 28 2
28 28 28 2
28 28 28 2
28 28 28 2
29 29 29 2
29 29 29 2
25 25 15 2
25 25 15 2
41 3 3 2
41 3 3 2
41 3 3 2
41 3 3 2
41 3 3 2
41 3 3 2
1 1 1 3
1 1 1 3
1 1 1 3
1 1 1 3
1 1 1 3
24 1 1 3
24 1 1 3
24 1 1 3
24 1 1 3
7 7 7 4
7 7 7 4
7 7 7 4
7 7 7 4
16 16 16 4
33 33 33 4
33 33 33 4
33 33 33 4
33 33 33 4
33 33 33 4
30 30 30 2
30 30 30 2
17 17 17 2
17 17 17 2
17 17 17 2
28 28 28 2
28 28 28 2
28 28 28 2
28 28 28 2
28 28 28 2
28 28 28 2
29 29 29 2
29 29 29 2
25 25 15 2
25 25 15 2
25 25 15 2
41 3 3 2
41 3 3 2
41 3 3 2
41 3 3 2
41 3 3 2
1 1 1 3
1 1 1 3
1 1 1 3
1 1 1 3
24 1 1 3
24 1 1 3
24 1 1 3
24 1 1 3
24 1 1 3
7 7 7 4
7 7 7 4
7 7 7 4
7 7 7 4
16 16 16 4
33 33 33 4
33 33 33 4
33 33 33 4
33 33 33 4
33 33 33 4
30 30 30 2
30 30 30 2
30 30 30 2
30 30 30 2
30 30 30 2
28 28 28 2
28 28 28 2
28 28 28 2
28 28 28 2
28 28 28 2
28 28 28 2
29 29 29 2
29 29 29 2
25 25 15 2
25 25 15 2
25 25 15 2
15 15 15 0
41 3 3 2
41 3 3 2
41 3 3 2
14 14 25 4
14 14 25 4
14 14 25 4
1 1 1 3
1 1 1 3
24 1 1 3
24 1 1 3
24 1 1 3
35 13 13 4
7 7 7 4
7 7 7 4
7 7 7 4
7 7 7 4
7 7 7 4
7 7 7 4
33 33 33 4
33 33 33 4
33 33 33 4
33 33 33 4
30 30 30 2
30 30 30 2
30 30 30 2
30 30 30 2
30 30 30 2
30 30 30 2
34 34 34 0
28 28 28 2
28 28 28 2
28 28 28 2
28 28 28 2
29 29 29 2
29 29 29 2
29 29 29 2
25 25 15 2
25 25 15 2
25 25 15 2
15 15 15 0
41 3 3 2
41 3 3 2
41 3 3 2
14 14 25 4
14 14 25 4
14 14 25 4
14 14 25 4
1 1 1 3
24 1 1 3
24 1 1 3
32 32 32 4
35 13 13 4
35 13 13 4
7 7 7 4
7 7 7 4
7 7 7 4
7 7 7 4
7 7 7 4
33 33 33 4
33 33 33 4
33 33 33 4
30 30 30 2
30 30 30 2
30 30 30 2
30 30 30 2
30 30 30 2
30 30 30 2
34 34 34 0
34 34 34 0
34 34 34 0
9 9 9 0
9 9 9 0
9 9 9 0
19 19 19 0
19 19 19 0
19 19 19 0
25 25 15 2
25 25 15 2
25 25 15 2
15 15 15 0
15 15 15 0
15 15 15 0
15 15 15 0
14 14 25 4
14 14 25 4
14 14 25 4
14 14 25 4
32 32 32 4
32 32 32 4
32 32 32 4
32 32 32 4
35 13 13 4
35 13 13 4
23 23 23 4
23 23 23 4
23 23 23 4
23 23 23 4
23 23 23 4
33 33 33 4
33 33 33 4
33 33 33 4
8 8 8 0
30 30 30 2
30 30 30 2
30 30 30 2
30 30 30 2
30 30 30 2
38 34 34 0
34 34 34 0
34 34 34 0
9 9 9 0
9 9 9 0
9 9 9 0
9 9 9 0
19 19 19 0
19 19 19 0
25 25 15 2
25 25 15 2
15 15 15 0
15 15 15 0
15 15 15 0
15 15 15 0
15 15 15 0
14 14 25 4
14 14 25 4
14 14 25 4
14 14 25 4
32 32 32 4
32 32 32 4
32 32 32 4
32 32 32 4
35 13 13 4
35 13 13 4
23 23 23 4
23 23 23 4
23 23 23 4
23 23 23 4
23 23 23 4
23 23 23 4
33 33 33 4
39 8 8 0
8 8 8 0
8 8 8 0
30 30 30 2
30 30 30 2
30 30 30 2
38 34 34 0
38 34 34 0
34 34 34 0
34 34 34 0
9 9 9 0
9 9 9 0
9 9 9 0
19 19 19 0
19 19 19 0
19 19 19 0
19 19 19 0
25 25 15 2
15 15 15 0
15 15 15 0
15 15 15 0
15 15 15 0
26 26 26 1
14 14 25 4
14 14 25 4
14 14 25 4
14 14 25 4
32 32 32 4
32 32 32 4
32 32 32 4
32 32 32 4
35 13 13 4
35 13 13 4
35 13 13 4
23 23 23 4
23 23 23 4
23 23 23 4
23 23 23 4
23 23 23 4
39 8 8 0
39 8 8 0
8 8 8 0
8 8 8 0
8 8 8 0
30 30 30 2
38 34 34 0
38 34 34 0
38 34 34 0
34 34 34 0
34 34 34 0
9 9 9 0
9 9 9 0
9 9 9 0
19 19 19 0
19 19 19 0
19 19 19 0
19 19 19 0
25 25 15 2
18 18 18 0
15 15 15 0
15 15 15 0
15 15 15 0
26 26 26 1
26 26 26 1
14 14 25 4
14 14 25 4
4 4 38 1
32 32 32 4
32 32 32 4
32 32 32 4
32 32 32 4
35 13 13 4
35 13 13 4
23 23 23 4
23 23 23 4
23 23 23 4
23 23 23 4
23 23 23 4
39 8 8 0
39 8 8 0
39 8 8 0
8 8 8 0
8 8 8 0
8 8 8 0
8 8 8 0
38 34 34 0
38 34 34 0
38 34 34 0
34 34 34 0
34 34 34 0
9 9 9 0
9 9 9 0
9 9 9 0
9 9 9 0
19 19 19 0
19 19 19 0
19 19 19 0
25 25 15 2
18 18 18 0
15 15 15 0
15 15 15 0
26 26 26 1
26 26 26 1
26 26 26 1
14 14 25 4
14 14 25 4
4 4 38 1
4 4 38 1
32 32 32 4
32 32 32 4
32 32 32 4
13 13 13 4
13 13 13 4
23 23 23 4
23 23 23 4
23 23 23 4
23 23 23 4
23 23 23 4
39 8 8 0
39 8 8 0
39 8 8 0
8 8 8 0
8 8 8 0
8 8 8 0
38 34 34 0
38 34 34 0
38 34 34 0
38 34 34 0
34 34 34 0
34 34 34 0
9 9 9 0
9 9 9 0
9 9 9 0
9 9 9 0
19 19 19 0
19 19 19 0
19 19 19 0
18 18 18 0
18 18 18 0
18 18 18 0
18 18 18 0
26 26 26 1
26 26 26 1
26 26 26 1
4 4 38 1
4 4 38 1
4 4 38 1
4 4 38 1
4 4 38 1
32 32 32 4
13 13 13 4
13 13 13 4
13 13 13 4
13 13 13 4
23 23 23 4
23 23 23 4
23 23 23 4
23 23 23 4
39 8 8 0
39 8 8 0
39 8 8 0
8 8 8 0
8 8 8 0
8 8 8 0
38 34 34 0
38 34 34 0
38 34 34 0
38 34 34 0
34 34 34 0
34 34 34 0
9 9 9 0
9 9 9 0
9 9 9 0
19 19 19 0
19 19 19 0
19 19 19 0
19 19 19 0
18 18 18 0
18 18 18 0
18 18 18 0
26 26 26 1
26 26 26 1
26 26 26 1
26 26 26 1
26 26 26 1
4 4 38 1
4 4 38 1
4 4 38 1
4 4 38 1
32 32 32 4
13 13 13 4
13 13 13 4
13 13 13 4
23 23 23 4
23 23 23 4
23 23 23 4
23 23 23 4
23 23 23 4
39 8 8 0
39 8 8 0
39 8 8 0
8 8 8 0
8 8 8 0
8 8 8 0
38 34 34 0
38 34 34 0
38 34 34 0
38 34 34 0
34 34 34 0
34 34 34 0
9 9 9 0
9 9 9 0
9 9 9 0
9 9 9 0
19 19 19 0
19 19 19 0
19 19 19 0
18 18 18 0
18 18 18 0
18 18 18 0
18 18 18 0
26 26 26 1
26 26 26 1
26 26 26 1
4 4 38 1
4 4 38 1
4 4 38 1
4 4 38 1
4 4 38 1
32 32 32 4
13 13 13 4
13 13 13 4
13 13 13 4
23 23 23 4
23 23 23 4
23 23 23 4
23 23 23 4
23 23 23 4
39 8 8 0
39 8 8 0
39 8 8 0
8 8 8 0
8 8 8 0
