12 12 12 2
12 12 12 2
12 12 12 2
42 42 20 2
42 42 20 2
42 42 20 2
44 20 4 2
44 20 4 2
31 21 21 2
31 21 21 2
50 21 21 2
50 21 21 2
27 27 27 2
27 27 27 2
27 27 27 2
27 27 27 2
27 27 27 2
27 27 27 2
5 5 5 4
5 5 5 4
5 5 5 4
5 5 5 4
5 5 5 4
10 24 24 4
10 24 24 4
10 24 24 4
45 6 6 4
45 6 6 4
45 6 6 4
45 6 6 4
45 6 6 4
45 6 6 4
22 22 22 2
22 22 22 2
22 22 22 2
36 36 36 2
36 36 36 2
36 36 36 2
36 36 36 2
12 12 12 2
12 12 12 2
12 12 12 2
12 12 12 2
42 42 20 2
42 42 20 2
42 42 20 2
44 20 4 2
44 20 4 2
31 21 21 2
31 21 21 2
50 21 21 2
50 21 21 2
27 27 27 2
27 27 27 2
37 37 37 2
37 37 37 2
37 37 37 2
11 11 11 4
11 11 11 4
5 5 5 4
5 5 5 4
5 5 5 4
5 5 5 4
10 24 24 4
10 24 24 4
10 24 24 4
45 6 6 4
45 6 6 4
45 6 6 4
45 6 6 4
45 6 6 4
45 6 6 4
22 22 22 2
22 22 22 2
22 22 22 2
22 22 22 2
0 0 0 2
0 0 0 2
36 36 36 2
12 12 12 2
12 12 12 2
12 12 12 2
12 12 12 2
42 42 20 2
42 42 20 2
42 42 20 2
44 20 4 2
44 20 4 2
31 21 21 2
31 21 21 2
50 21 21 2
50 21 21 2
47 37 37 2
27 27 27 2
37 37 37 2
37 37 37 2
37 37 37 2
37 37 37 2
11 11 11 4
5 5 5 4
5 5 5 4
5 5 5 4
5 5 5 4
5 5 5 4
10 24 24 4
10 24 24 4
45 6 6 4
45 6 6 4
45 6 6 4
45 6 6 4
45 6 6 4
22 22 22 2
22 22 22 2
22 22 22 2
22 22 22 2
22 22 22 2
0 0 0 2
0 0 0 2
0 0 0 2
12 12 12 2
12 12 12 2
12 12 12 2
12 12 12 2
42 42 20 2
42 42 20 2
42 42 20 2
44 20 4 2
44 20 4 2
20 20 4 2
3 21 21 2
3 21 21 2
47 37 37 2
47 37 37 2
37 37 37 2
37 37 37 2
37 37 37 2
37 37 37 2
37 37 37 2
11 11 11 4
5 5 5 4
5 5 5 4
5 5 5 4
5 5 5 4
10 24 24 4
10 24 24 4
10 24 24 4
49 6 6 4
49 6 6 4
49 6 6 4
49 6 6 4
49 6 6 4
22 22 22 2
22 22 22 2
22 22 22 2
22 22 22 2
22 22 22 2
0 0 0 2
0 0 0 2
21 12 12 2
12 12 12 2
12 12 12 2
12 12 12 2
42 42 20 2
42 42 20 2
42 42 20 2
42 42 20 2
44 20 4 2
44 20 4 2
20 20 4 2
3 21 21 2
3 21 21 2
47 37 37 2
47 37 37 2
47 37 37 2
37 37 37 2
2 2 2 2
2 2 2 2
11 11 11 4
11 11 11 4
11 11 11 4
5 5 5 4
5 5 5 4
5 5 5 4
10 24 24 4
10 24 24 4
10 24 24 4
49 6 6 4
49 6 6 4
49 6 6 4
49 6 6 4
49 6 6 4
22 22 22 2
22 22 22 2
22 22 22 2
22 22 22 2
22 22 22 2
21 12 12 2
21 12 12 2
21 12 12 2
12 12 12 2
12 12 12 2
12 12 12 2
12 12 12 2
42 42 20 2
42 42 20 2
42 42 20 2
44 20 4 2
44 20 4 2
20 20 4 2
3 21 21 2
3 21 21 2
47 37 37 2
47 37 37 2
47 37 37 2
37 37 37 2
2 2 2 2
2 2 2 2
11 11 11 4
11 11 11 4
11 11 11 4
5 5 5 4
5 5 5 4
10 24 24 4
10 24 24 4
10 24 24 4
10 24 24 4
6 24 24 4
49 6 6 4
49 6 6 4
49 6 6 4
48 31 31 2
48 31 31 2
48 31 31 2
48 31 31 2
48 31 31 2
48 31 31 2
48 31 31 2
21 12 12 2
21 12 12 2
12 12 12 2
12 12 12 2
43 43 40 2
43 43 40 2
43 43 40 2
43 43 40 2
42 42 20 2
44 20 4 2
44 20 4 2
20 20 4 2
3 21 21 2
46 10 10 2
47 37 37 2
47 37 37 2
2 2 2 2
2 2 2 2
2 2 2 2
2 2 2 2
11 11 11 4
11 11 11 4
11 11 11 4
5 5 5 4
5 5 5 4
10 24 24 4
10 24 24 4
10 24 24 4
10 24 24 4
6 24 24 4
49 6 6 4
49 6 6 4
49 6 6 4
40 16 16 3
40 16 16 3
40 16 16 3
40 16 16 3
48 31 31 2
48 31 31 2
48 31 31 2
21 12 12 2
21 12 12 2
12 12 12 2
12 12 12 2
12 12 12 2
12 12 12 2
42 42 20 2
42 42 20 2
42 42 20 2
44 20 4 2
44 20 4 2
20 20 4 2
3 21 21 2
46 10 10 2
46 10 10 2
47 37 37 2
2 2 2 2
2 2 2 2
2 2 2 2
2 2 2 2
11 11 11 4
11 11 11 4
11 11 11 4
11 11 11 4
11 11 11 4
10 24 24 4
10 24 24 4
10 24 24 4
10 24 24 4
6 24 24 4
6 24 24 4
6 24 24 4
6 24 24 4
40 16 16 3
40 16 16 3
40 16 16 3
40 16 16 3
40 16 16 3
40 16 16 3
40 16 16 3
21 12 12 2
21 12 12 2
12 12 12 2
12 12 12 2
12 12 12 2
12 12 12 2
42 42 20 2
42 42 20 2
42 42 20 2
44 20 4 2
44 20 4 2
28 28 28 0
46 10 10 2
46 10 10 2
46 10 10 2
47 37 37 2
2 2 2 2
2 2 2 2
2 2 2 2
2 2 2 2
11 11 11 4
11 11 11 4
11 11 11 4
11 11 11 4
11 11 11 4
10 24 24 4
10 24 24 4
10 24 24 4
10 24 24 4
6 24 24 4
6 24 24 4
6 24 24 4
6 24 24 4
40 16 16 3
40 16 16 3
40 16 16 3
40 16 16 3
16 16 16 3
16 16 16 3
16 16 16 3
21 12 12 2
21 12 12 2
12 12 12 2
17 17 17 2
17 17 17 2
17 17 17 2
42 42 20 2
42 42 20 2
42 42 20 2
44 20 4 2
44 20 4 2
28 28 28 0
46 10 10 2
46 10 10 2
46 10 10 2
46 10 10 2
46 10 10 2
2 2 2 2
2 2 2 2
41 3 3 4
41 3 3 4
11 11 11 4
11 11 11 4
11 11 11 4
11 11 11 4
10 24 24 4
10 24 24 4
10 24 24 4
10 24 24 4
6 24 24 4
6 24 24 4
6 24 24 4
6 24 24 4
16 16 16 3
16 16 16 3
16 16 16 3
16 16 16 3
16 16 16 3
16 16 16 3
16 16 16 3
16 16 16 3
21 12 12 2
12 12 12 2
17 17 17 2
17 17 17 2
17 17 17 2
17 17 17 2
17 17 17 2
42 42 20 2
28 28 28 0
28 28 28 0
28 28 28 0
46 10 10 2
46 10 10 2
46 10 10 2
46 10 10 2
46 10 10 2
46 10 10 2
2 2 2 2
41 3 3 4
41 3 3 4
11 11 11 4
11 11 11 4
11 11 11 4
11 11 11 4
10 24 24 4
10 24 24 4
10 24 24 4
10 24 24 4
6 24 24 4
6 24 24 4
6 24 24 4
6 24 24 4
16 16 16 3
16 16 16 3
16 16 16 3
16 16 16 3
16 16 16 3
16 16 16 3
33 33 33 4
33 33 33 4
21 12 12 2
17 17 17 2
30 30 30 0
30 30 30 0
30 30 30 0
34 34 34 0
34 34 34 0
34 34 34 0
28 28 28 0
28 28 28 0
28 28 28 0
28 28 28 0
46 10 10 2
46 10 10 2
46 10 10 2
46 10 10 2
41 3 3 4
41 3 3 4
41 3 3 4
41 3 3 4
41 3 3 4
41 3 3 4
11 11 11 4
11 11 11 4
10 24 24 4
10 24 24 4
10 24 24 4
10 24 24 4
24 1 1 4
24 1 1 4
24 1 1 4
24 1 1 4
7 7 7 1
7 7 7 1
7 7 7 1
16 16 16 3
16 16 16 3
33 33 33 4
33 33 33 4
33 33 33 4
33 33 33 4
30 30 30 0
30 30 30 0
30 30 30 0
30 30 30 0
34 34 34 0
34 34 34 0
34 34 34 0
28 28 28 0
28 28 28 0
28 28 28 0
28 28 28 0
46 10 10 2
29 29 29 0
29 29 29 0
41 3 3 4
41 3 3 4
41 3 3 4
41 3 3 4
41 3 3 4
41 3 3 4
41 3 3 4
41 3 3 4
1 1 1 4
1 1 1 4
1 1 1 4
1 1 1 4
1 1 1 4
24 1 1 4
24 1 1 4
24 1 1 4
24 1 1 4
7 7 7 1
7 7 7 1
7 7 7 1
7 7 7 1
16 16 16 3
33 33 33 4
33 33 33 4
33 33 33 4
33 33 33 4
30 30 30 0
30 30 30 0
30 30 30 0
30 30 30 0
34 34 34 0
34 34 34 0
34 34 34 0
28 28 28 0
28 28 28 0
28 28 28 0
28 28 28 0
46 10 10 2
29 29 29 0
29 29 29 0
25 25 15 0
25 25 15 0
41 3 3 4
41 3 3 4
41 3 3 4
41 3 3 4
41 3 3 4
14 14 14 4
14 14 14 4
24 1 1 4
24 1 1 4
24 1 1 4
24 1 1 4
24 1 1 4
24 1 1 4
24 1 1 4
24 1 1 4
7 7 7 1
7 7 7 1
7 7 7 1
7 7 7 1
33 33 33 4
33 33 33 4
33 33 33 4
33 33 33 4
33 33 33 4
30 30 30 0
30 30 30 0
30 30 30 0
30 30 30 0
34 34 34 0
34 34 34 0
34 34 34 0
28 28 28 0
28 28 28 0
28 28 28 0
28 28 28 0
29 29 29 0
29 29 29 0
29 29 29 0
25 25 15 0
25 25 15 0
25 25 15 0
15 15 15 0
41 3 3 4
41 3 3 4
41 3 3 4
14 14 14 4
14 14 14 4
24 1 1 4
24 1 1 4
24 1 1 4
24 1 1 4
24 1 1 4
24 1 1 4
24 1 1 4
35 23 23 1
7 7 7 1
7 7 7 1
7 7 7 1
7 7 7 1
7 7 7 1
33 33 33 4
33 33 33 4
33 33 33 4
33 33 33 4
30 30 30 0
30 30 30 0
30 30 30 0
30 30 30 0
30 30 30 0
34 34 34 0
34 34 34 0
34 34 34 0
28 28 28 0
28 28 28 0
29 29 29 0
29 29 29 0
29 29 29 0
29 29 29 0
25 25 15 0
25 25 15 0
25 25 15 0
15 15 15 0
41 3 3 4
41 3 3 4
26 26 26 4
14 14 14 4
14 14 14 4
14 14 14 4
32 32 32 4
32 32 32 4
32 32 32 4
24 1 1 4
24 1 1 4
24 1 1 4
35 23 23 1
7 7 7 1
7 7 7 1
7 7 7 1
7 7 7 1
7 7 7 1
33 33 33 4
33 33 33 4
33 33 33 4
8 8 8 0
30 30 30 0
30 30 30 0
30 30 30 0
30 30 30 0
34 34 34 0
34 34 34 0
34 34 34 0
34 34 34 0
9 9 9 0
9 9 9 0
29 29 29 0
29 29 29 0
29 29 29 0
29 29 29 0
25 25 15 0
25 25 15 0
25 25 15 0
15 15 15 0
15 15 15 0
15 15 15 0
26 26 26 4
14 14 14 4
14 14 14 4
14 14 14 4
32 32 32 4
32 32 32 4
32 32 32 4
32 32 32 4
32 32 32 4
35 23 23 1
35 23 23 1
35 23 23 1
7 7 7 1
7 7 7 1
23 23 23 1
23 23 23 1
33 33 33 4
33 33 33 4
33 33 33 4
8 8 8 0
30 30 30 0
30 30 30 0
30 30 30 0
30 30 30 0
34 34 34 0
34 34 34 0
34 34 34 0
34 34 34 0
9 9 9 0
9 9 9 0
9 9 9 0
29 29 29 0
29 29 29 0
19 19 19 0
25 25 15 0
25 25 15 0
15 15 15 0
15 15 15 0
15 15 15 0
15 15 15 0
26 26 26 4
14 14 14 4
14 14 14 4
14 14 14 4
14 14 14 4
32 32 32 4
32 32 32 4
32 32 32 4
32 32 32 4
35 23 23 1
35 23 23 1
35 23 23 1
23 23 23 1
23 23 23 1
23 23 23 1
23 23 23 1
23 23 23 1
33 33 33 4
39 8 8 0
8 8 8 0
8 8 8 0
30 30 30 0
30 30 30 0
34 34 34 0
34 34 34 0
34 34 34 0
34 34 34 0
34 34 34 0
9 9 9 0
9 9 9 0
9 9 9 0
9 9 9 0
29 29 29 0
19 19 19 0
25 25 15 0
25 25 15 0
15 15 15 0
15 15 15 0
15 15 15 0
15 15 15 0
26 26 26 4
26 26 26 4
26 26 26 4
26 26 26 4
32 32 32 4
32 32 32 4
32 32 32 4
32 32 32 4
32 32 32 4
35 23 23 1
35 23 23 1
35 23 23 1
23 23 23 1
23 23 23 1
23 23 23 1
23 23 23 1
23 23 23 1
39 8 8 0
39 8 8 0
8 8 8 0
8 8 8 0
30 30 30 0
30 30 30 0
34 34 34 0
34 34 34 0
34 34 34 0
34 34 34 0
34 34 34 0
9 9 9 0
9 9 9 0
9 9 9 0
9 9 9 0
19 19 19 0
19 19 19 0
19 19 19 0
25 25 15 0
18 18 18 0
15 15 15 0
15 15 15 0
26 26 26 4
26 26 26 4
26 26 26 4
26 26 26 4
26 26 26 4
32 32 32 4
32 32 32 4
32 32 32 4
32 32 32 4
32 32 32 4
35 23 23 1
35 23 23 1
35 23 23 1
23 23 23 1
23 23 23 1
23 23 23 1
23 23 23 1
39 8 8 0
39 8 8 0
39 8 8 0
8 8 8 0
8 8 8 0
8 8 8 0
8 8 8 0
34 34 34 0
34 34 34 0
34 34 34 0
34 34 34 0
34 34 34 0
9 9 9 0
9 9 9 0
9 9 9 0
19 19 19 0
19 19 19 0
19 19 19 0
19 19 19 0
19 19 19 0
18 18 18 0
15 15 15 0
26 26 26 4
26 26 26 4
26 26 26 4
26 26 26 4
26 26 26 4
26 26 26 4
32 32 32 4
32 32 32 4
32 32 32 4
32 32 32 4
32 32 32 4
13 13 13 1
13 13 13 1
13 13 13 1
23 23 23 1
23 23 23 1
23 23 23 1
23 23 23 1
39 8 8 0
39 8 8 0
39 8 8 0
8 8 8 0
8 8 8 0
8 8 8 0
38 34 34 0
38 34 34 0
38 34 34 0
38 34 34 0
34 34 34 0
34 34 34 0
9 9 9 0
9 9 9 0
9 9 9 0
9 9 9 0
19 19 19 0
19 19 19 0
19 19 19 0
18 18 18 0
18 18 18 0
18 18 18 0
26 26 26 4
26 26 26 4
26 26 26 4
26 26 26 4
26 26 26 4
26 26 26 4
32 32 32 4
32 32 32 4
32 32 32 4
32 32 32 4
13 13 13 1
13 13 13 1
13 13 13 1
13 13 13 1
13 13 13 1
23 23 23 1
23 23 23 1
39 8 8 0
39 8 8 0
39 8 8 0
39 8 8 0
8 8 8 0
8 8 8 0
8 8 8 0
8 8 8 0
34 34 34 0
34 34 34 0
34 34 34 0
34 34 34 0
34 34 34 0
9 9 9 0
9 9 9 0
9 9 9 0
9 9 9 0
19 19 19 0
19 19 19 0
18 18 18 0
18 18 18 0
18 18 18 0
18 18 18 0
26 26 26 4
26 26 26 4
26 26 26 4
26 26 26 4
4 4 38 4
4 4 38 4
4 4 38 4
4 4 38 4
4 4 38 4
32 32 32 4
13 13 13 1
13 13 13 1
13 13 13 1
13 13 13 1
13 13 13 1
23 23 23 1
23 23 23 1
39 8 8 0
39 8 8 0
39 8 8 0
39 8 8 0
8 8 8 0
8 8 8 0
8 8 8 0
8 8 8 0
34 34 34 0
34 34 34 0
34 34 34 0
34 34 34 0
34 34 34 0
9 9 9 0
9 9 9 0
9 9 9 0
9 9 9 0
19 19 19 0
19 19 19 0
18 18 18 0
18 18 18 0
18 18 18 0
18 18 18 0
26 26 26 4
26 26 26 4
26 26 26 4
26 26 26 4
26 26 26 4
26 26 26 4
26 26 26 4
4 4 38 4
4 4 38 4
32 32 32 4
13 13 13 1
13 13 13 1
13 13 13 1
13 13 13 1
13 13 13 1
23 23 23 1
23 23 23 1
39 8 8 0
39 8 8 0
39 8 8 0
39 8 8 0
8 8 8 0
8 8 8 0
