12 12 12 4
12 12 12 4
12 12 12 4
42 42 20 3
42 42 20 3
42 42 20 3
31 21 21 2
31 21 21 2
31 21 21 2
31 21 21 2
50 21 21 2
50 21 21 2
27 27 27 2
27 27 27 2
27 27 27 2
27 27 27 2
2 2 2 2
2 2 2 2
5 5 5 2
5 5 5 2
5 5 5 2
5 5 5 2
5 5 5 2
5 5 5 2
5 5 5 2
45 6 6 2
45 6 6 2
45 6 6 2
45 6 6 2
45 6 6 2
45 6 6 2
22 22 22 4
22 22 22 4
22 22 22 4
22 22 22 4
36 36 36 4
36 36 36 4
36 36 36 4
36 36 36 4
36 36 36 4
12 12 12 4
12 12 12 4
42 42 20 3
42 42 20 3
42 42 20 3
42 42 20 3
31 21 21 2
31 21 21 2
31 21 21 2
31 21 21 2
50 21 21 2
50 21 21 2
27 27 27 2
27 27 27 2
37 37 37 2
37 37 37 2
2 2 2 2
2 2 2 2
5 5 5 2
5 5 5 2
5 5 5 2
5 5 5 2
5 5 5 2
5 5 5 2
5 5 5 2
45 6 6 2
45 6 6 2
45 6 6 2
45 6 6 2
45 6 6 2
45 6 6 2
22 22 22 4
22 22 22 4
22 22 22 4
22 22 22 4
22 22 22 4
36 36 36 4
36 36 36 4
36 36 36 4
12 12 12 4
12 12 12 4
12 12 12 4
42 42 20 3
42 42 20 3
42 42 20 3
42 42 20 3
31 21 21 2
31 21 21 2
31 21 21 2
31 21 21 2
50 21 21 2
50 21 21 2
47 37 37 2
27 27 27 2
37 37 37 2
37 37 37 2
2 2 2 2
2 2 2 2
5 5 5 2
5 5 5 2
5 5 5 2
5 5 5 2
5 5 5 2
5 5 5 2
5 5 5 2
45 6 6 2
45 6 6 2
45 6 6 2
45 6 6 2
45 6 6 2
45 6 6 2
22 22 22 4
22 22 22 4
22 22 22 4
22 22 22 4
22 22 22 4
0 0 0 4
0 0 0 4
0 0 0 4
0 0 0 4
12 12 12 4
12 12 12 4
42 42 20 3
42 42 20 3
42 42 20 3
42 42 20 3
44 20 4 3
44 20 4 3
20 20 4 3
3 21 21 2
3 21 21 2
47 37 37 2
47 37 37 2
37 37 37 2
37 37 37 2
37 37 37 2
2 2 2 2
2 2 2 2
5 5 5 2
5 5 5 2
5 5 5 2
5 5 5 2
5 5 5 2
5 5 5 2
49 6 6 2
49 6 6 2
49 6 6 2
49 6 6 2
49 6 6 2
49 6 6 2
49 6 6 2
22 22 22 4
22 22 22 4
22 22 22 4
22 22 22 4
22 22 22 4
0 0 0 4
12 12 12 4
12 12 12 4
12 12 12 4
12 12 12 4
12 12 12 4
42 42 20 3
42 42 20 3
42 42 20 3
42 42 20 3
44 20 4 3
44 20 4 3
20 20 4 3
3 21 21 2
3 21 21 2
47 37 37 2
47 37 37 2
47 37 37 2
37 37 37 2
2 2 2 2
2 2 2 2
2 2 2 2
2 2 2 2
5 5 5 2
5 5 5 2
5 5 5 2
5 5 5 2
5 5 5 2
10 24 24 2
10 24 24 2
49 6 6 2
49 6 6 2
49 6 6 2
49 6 6 2
49 6 6 2
22 22 22 4
22 22 22 4
22 22 22 4
22 22 22 4
48 31 0 4
0 0 0 4
21 0 0 4
21 0 0 4
21 0 0 4
12 12 12 4
43 43 20 3
43 43 20 3
43 43 20 3
42 42 20 3
42 42 20 3
44 20 4 3
44 20 4 3
20 20 4 3
3 21 21 2
3 21 21 2
47 37 37 2
47 37 37 2
47 37 37 2
37 37 37 2
2 2 2 2
2 2 2 2
2 2 2 2
2 2 2 2
5 5 5 2
5 5 5 2
5 5 5 2
5 5 5 2
10 24 24 2
10 24 24 2
10 24 24 2
6 24 24 2
49 6 6 2
49 6 6 2
49 6 6 2
48 31 0 4
48 31 0 4
48 31 0 4
48 31 0 4
48 31 0 4
48 31 0 4
0 0 0 4
0 0 0 4
12 12 12 4
12 12 12 4
12 12 12 4
43 43 20 3
43 43 20 3
43 43 20 3
43 43 20 3
43 43 20 3
44 20 4 3
44 20 4 3
20 20 4 3
3 21 21 2
46 10 10 3
47 37 37 2
47 37 37 2
2 2 2 2
2 2 2 2
2 2 2 2
2 2 2 2
2 2 2 2
2 2 2 2
5 5 5 2
5 5 5 2
5 5 5 2
5 5 5 2
10 24 24 2
10 24 24 2
10 24 24 2
6 24 24 2
49 6 6 2
49 6 6 2
49 6 6 2
40 16 16 4
40 16 16 4
40 16 16 4
40 16 16 4
48 31 0 4
48 31 0 4
33 33 33 4
33 33 33 4
33 33 33 4
12 12 12 4
12 12 12 4
17 17 17 3
43 43 20 3
43 43 20 3
43 43 20 3
43 43 20 3
44 20 4 3
44 20 4 3
20 20 4 3
3 21 21 2
46 10 10 3
47 37 37 2
47 37 37 2
2 2 2 2
2 2 2 2
2 2 2 2
2 2 2 2
11 11 11 2
11 11 11 2
11 11 11 2
11 11 11 2
5 5 5 2
10 24 24 2
10 24 24 2
10 24 24 2
10 24 24 2
6 24 24 2
6 24 24 2
6 24 24 2
6 24 24 2
40 16 16 4
40 16 16 4
40 16 16 4
40 16 16 4
16 16 16 4
16 16 16 4
33 33 33 4
33 33 33 4
33 33 33 4
12 12 12 4
12 12 12 4
17 17 17 3
17 17 17 3
43 43 20 3
43 43 20 3
43 43 20 3
44 20 4 3
44 20 4 3
28 28 28 3
46 10 10 3
46 10 10 3
46 10 10 3
47 37 37 2
2 2 2 2
2 2 2 2
2 2 2 2
2 2 2 2
2 2 2 2
2 2 2 2
11 11 11 2
11 11 11 2
5 5 5 2
5 5 5 2
10 24 24 2
10 24 24 2
10 24 24 2
6 24 24 2
6 24 24 2
6 24 24 2
6 24 24 2
40 16 16 4
40 16 16 4
40 16 16 4
40 16 16 4
16 16 16 4
16 16 16 4
33 33 33 4
33 33 33 4
33 33 33 4
12 12 12 4
17 17 17 3
17 17 17 3
17 17 17 3
17 17 17 3
17 17 17 3
17 17 17 3
44 20 4 3
44 20 4 3
28 28 28 3
46 10 10 3
46 10 10 3
46 10 10 3
46 10 10 3
2 2 2 2
2 2 2 2
2 2 2 2
41 3 3 2
41 3 3 2
41 3 3 2
11 11 11 2
11 11 11 2
5 5 5 2
1 1 1 2
1 1 1 2
1 1 1 2
10 24 24 2
6 24 24 2
6 24 24 2
6 24 24 2
6 24 24 2
16 16 16 4
16 16 16 4
16 16 16 4
16 16 16 4
16 16 16 4
16 16 16 4
33 33 33 4
33 33 33 4
33 33 33 4
17 17 17 3
17 17 17 3
17 17 17 3
17 17 17 3
17 17 17 3
17 17 17 3
17 17 17 3
28 28 28 3
28 28 28 3
28 28 28 3
46 10 10 3
46 10 10 3
46 10 10 3
46 10 10 3
46 10 10 3
2 2 2 2
2 2 2 2
41 3 3 2
41 3 3 2
41 3 3 2
11 11 11 2
11 11 11 2
5 5 5 2
1 1 1 2
1 1 1 2
1 1 1 2
10 24 24 2
6 24 24 2
6 24 24 2
6 24 24 2
6 24 24 2
16 16 16 4
16 16 16 4
16 16 16 4
16 16 16 4
16 16 16 4
16 16 16 4
33 33 33 4
33 33 33 4
33 33 33 4
17 17 17 3
30 30 30 4
17 17 17 3
17 17 17 3
17 17 17 3
17 17 17 3
17 17 17 3
28 28 28 3
28 28 28 3
28 28 28 3
46 10 10 3
46 10 10 3
46 10 10 3
46 10 10 3
25 25 15 0
25 25 15 0
2 2 2 2
41 3 3 2
41 3 3 2
41 3 3 2
11 11 11 2
11 11 11 2
1 1 1 2
1 1 1 2
1 1 1 2
1 1 1 2
1 1 1 2
24 1 1 2
24 1 1 2
24 1 1 2
24 1 1 2
7 7 7 2
7 7 7 2
7 7 7 2
16 16 16 4
16 16 16 4
33 33 33 4
33 33 33 4
33 33 33 4
33 33 33 4
30 30 30 4
30 30 30 4
30 30 30 4
17 17 17 3
17 17 17 3
17 17 17 3
28 28 28 3
28 28 28 3
28 28 28 3
28 28 28 3
28 28 28 3
46 10 10 3
29 29 29 4
29 29 29 4
25 25 15 0
25 25 15 0
41 3 3 2
41 3 3 2
41 3 3 2
41 3 3 2
41 3 3 2
41 3 3 2
1 1 1 2
1 1 1 2
1 1 1 2
1 1 1 2
1 1 1 2
24 1 1 2
24 1 1 2
24 1 1 2
24 1 1 2
7 7 7 2
7 7 7 2
7 7 7 2
7 7 7 2
16 16 16 4
33 33 33 4
33 33 33 4
33 33 33 4
33 33 33 4
30 30 30 4
30 30 30 4
30 30 30 4
17 17 17 3
17 17 17 3
17 17 17 3
28 28 28 3
28 28 28 3
28 28 28 3
28 28 28 3
28 28 28 3
46 10 10 3
29 29 29 4
29 29 29 4
25 25 15 0
25 25 15 0
15 15 15 0
15 15 15 0
15 15 15 0
15 15 15 0
15 15 15 0
14 14 25 2
14 14 25 2
14 14 25 2
1 1 1 2
1 1 1 2
24 1 1 2
24 1 1 2
24 1 1 2
24 1 1 2
24 1 1 2
7 7 7 2
7 7 7 2
7 7 7 2
7 7 7 2
16 16 16 4
33 33 33 4
33 33 33 4
33 33 33 4
33 33 33 4
30 30 30 4
30 30 30 4
30 30 30 4
30 30 30 4
30 30 30 4
30 30 30 4
30 30 30 4
28 28 28 3
28 28 28 3
28 28 28 3
28 28 28 3
29 29 29 4
29 29 29 4
29 29 29 4
25 25 15 0
25 25 15 0
15 15 15 0
15 15 15 0
15 15 15 0
15 15 15 0
15 15 15 0
14 14 25 2
14 14 25 2
14 14 25 2
1 1 1 2
1 1 1 2
24 1 1 2
24 1 1 2
24 1 1 2
24 1 1 2
7 7 7 2
7 7 7 2
7 7 7 2
7 7 7 2
7 7 7 2
7 7 7 2
33 33 33 4
33 33 33 4
33 33 33 4
33 33 33 4
30 30 30 4
30 30 30 4
30 30 30 4
30 30 30 4
30 30 30 4
30 30 30 4
34 34 34 1
28 28 28 3
28 28 28 3
28 28 28 3
29 29 29 4
29 29 29 4
29 29 29 4
29 29 29 4
25 25 15 0
25 25 15 0
25 25 15 0
15 15 15 0
15 15 15 0
15 15 15 0
15 15 15 0
14 14 25 2
14 14 25 2
14 14 25 2
14 14 25 2
1 1 1 2
24 1 1 2
24 1 1 2
24 1 1 2
35 23 23 2
35 23 23 2
7 7 7 2
7 7 7 2
7 7 7 2
7 7 7 2
33 33 33 4
33 33 33 4
33 33 33 4
33 33 33 4
33 33 33 4
30 30 30 4
30 30 30 4
30 30 30 4
30 30 30 4
30 30 30 4
30 30 30 4
34 34 34 1
34 34 34 1
28 28 28 3
9 9 9 1
29 29 29 4
29 29 29 4
29 29 29 4
29 29 29 4
25 25 15 0
25 25 15 0
25 25 15 0
15 15 15 0
15 15 15 0
15 15 15 0
15 15 15 0
14 14 25 2
14 14 25 2
14 14 25 2
14 14 25 2
14 14 25 2
32 32 32 2
32 32 32 2
32 32 32 2
35 23 23 2
35 23 23 2
35 23 23 2
23 23 23 2
23 23 23 2
23 23 23 2
33 33 33 4
33 33 33 4
33 33 33 4
33 33 33 4
33 33 33 4
30 30 30 4
30 30 30 4
30 30 30 4
30 30 30 4
30 30 30 4
38 34 34 1
34 34 34 1
34 34 34 1
9 9 9 1
9 9 9 1
29 29 29 4
29 29 29 4
29 29 29 4
19 19 19 1
25 25 15 0
25 25 15 0
15 15 15 0
15 15 15 0
15 15 15 0
15 15 15 0
14 14 25 2
14 14 25 2
14 14 25 2
14 14 25 2
14 14 25 2
14 14 25 2
32 32 32 2
32 32 32 2
32 32 32 2
35 23 23 2
35 23 23 2
35 23 23 2
23 23 23 2
23 23 23 2
23 23 23 2
23 23 23 2
33 33 33 4
33 33 33 4
33 33 33 4
33 33 33 4
30 30 30 4
30 30 30 4
30 30 30 4
30 30 30 4
38 34 34 1
38 34 34 1
34 34 34 1
34 34 34 1
9 9 9 1
9 9 9 1
9 9 9 1
29 29 29 4
29 29 29 4
19 19 19 1
25 25 15 0
25 25 15 0
15 15 15 0
15 15 15 0
15 15 15 0
15 15 15 0
26 26 26 2
26 26 26 2
14 14 25 2
14 14 25 2
14 14 25 2
14 14 25 2
32 32 32 2
32 32 32 2
32 32 32 2
35 23 23 2
35 23 23 2
35 23 23 2
23 23 23 2
23 23 23 2
23 23 23 2
23 23 23 2
33 33 33 4
33 33 33 4
33 33 33 4
33 33 33 4
30 30 30 4
30 30 30 4
30 30 30 4
30 30 30 4
38 34 34 1
38 34 34 1
34 34 34 1
34 34 34 1
9 9 9 1
9 9 9 1
9 9 9 1
19 19 19 1
19 19 19 1
19 19 19 1
19 19 19 1
25 25 15 0
18 18 18 0
15 15 15 0
15 15 15 0
15 15 15 0
26 26 26 2
26 26 26 2
14 14 25 2
14 14 25 2
4 4 38 2
4 4 38 2
32 32 32 2
32 32 32 2
32 32 32 2
35 23 23 2
35 23 23 2
35 23 23 2
23 23 23 2
23 23 23 2
23 23 23 2
23 23 23 2
33 33 33 4
33 33 33 4
33 33 33 4
33 33 33 4
30 30 30 4
8 8 8 4
30 30 30 4
38 34 34 1
38 34 34 1
38 34 34 1
34 34 34 1
34 34 34 1
9 9 9 1
9 9 9 1
9 9 9 1
19 19 19 1
19 19 19 1
19 19 19 1
19 19 19 1
18 18 18 0
18 18 18 0
15 15 15 0
15 15 15 0
15 15 15 0
26 26 26 2
26 26 26 2
14 14 25 2
14 14 25 2
4 4 38 2
4 4 38 2
4 4 38 2
32 32 32 2
13 13 13 2
13 13 13 2
13 13 13 2
13 13 13 2
23 23 23 2
23 23 23 2
23 23 23 2
23 23 23 2
39 8 8 4
39 8 8 4
8 8 8 4
8 8 8 4
8 8 8 4
8 8 8 4
30 30 30 4
38 34 34 1
38 34 34 1
38 34 34 1
34 34 34 1
34 34 34 1
9 9 9 1
9 9 9 1
9 9 9 1
19 19 19 1
19 19 19 1
19 19 19 1
19 19 19 1
18 18 18 0
18 18 18 0
15 15 15 0
15 15 15 0
15 15 15 0
26 26 26 2
26 26 26 2
26 26 26 2
4 4 38 2
4 4 38 2
4 4 38 2
4 4 38 2
13 13 13 2
13 13 13 2
13 13 13 2
13 13 13 2
13 13 13 2
13 13 13 2
23 23 23 2
23 23 23 2
39 8 8 4
39 8 8 4
39 8 8 4
39 8 8 4
39 8 8 4
39 8 8 4
8 8 8 4
30 30 30 4
38 34 34 1
38 34 34 1
38 34 34 1
34 34 34 1
34 34 34 1
9 9 9 1
9 9 9 1
9 9 9 1
19 19 19 1
19 19 19 1
19 19 19 1
18 18 18 0
18 18 18 0
18 18 18 0
18 18 18 0
18 18 18 0
26 26 26 2
26 26 26 2
26 26 26 2
26 26 26 2
4 4 38 2
4 4 38 2
4 4 38 2
4 4 38 2
4 4 38 2
13 13 13 2
13 13 13 2
13 13 13 2
13 13 13 2
13 13 13 2
23 23 23 2
23 23 23 2
39 8 8 4
39 8 8 4
39 8 8 4
39 8 8 4
39 8 8 4
8 8 8 4
8 8 8 4
30 30 30 4
38 34 34 1
38 34 34 1
38 34 34 1
34 34 34 1
34 34 34 1
9 9 9 1
9 9 9 1
9 9 9 1
19 19 19 1
19 19 19 1
19 19 19 1
18 18 18 0
18 18 18 0
18 18 18 0
18 18 18 0
18 18 18 0
18 18 18 0
26 26 26 2
26 26 26 2
26 26 26 2
4 4 38 2
4 4 38 2
4 4 38 2
4 4 38 2
4 4 38 2
13 13 13 2
13 13 13 2
13 13 13 2
13 13 13 2
13 13 13 2
23 23 23 2
23 23 23 2
39 8 8 4
39 8 8 4
39 8 8 4
39 8 8 4
39 8 8 4
8 8 8 4
