12 12 12 2
12 12 12 2
43 42 20 4
43 42 20 4
43 42 20 4
44 20 4 4
44 20 4 4
44 20 4 4
20 20 4 4
31 21 21 4
50 21 21 4
50 21 21 4
27 27 27 2
27 27 27 2
27 27 27 2
27 27 27 2
27 27 27 2
27 27 27 2
5 5 5 2
5 5 5 2
5 5 5 2
5 5 5 2
5 5 5 2
5 5 5 2
45 6 6 2
45 6 6 2
45 6 6 2
45 6 6 2
45 6 6 2
45 6 6 2
45 6 6 2
45 6 6 2
22 22 22 2
22 22 22 2
22 22 22 2
36 36 36 2
36 36 36 2
36 36 36 2
36 36 36 2
36 36 36 2
12 12 12 2
12 12 12 2
43 42 20 4
43 42 20 4
43 42 20 4
44 20 4 4
44 20 4 4
44 20 4 4
20 20 4 4
31 21 21 4
50 21 21 4
50 21 21 4
27 27 27 2
27 27 27 2
37 37 37 2
37 37 37 2
37 37 37 2
5 5 5 2
5 5 5 2
5 5 5 2
5 5 5 2
5 5 5 2
5 5 5 2
5 5 5 2
45 6 6 2
45 6 6 2
45 6 6 2
45 6 6 2
45 6 6 2
45 6 6 2
45 6 6 2
45 6 6 2
22 22 22 2
22 22 22 2
22 22 22 2
22 22 22 2
0 0 0 2
0 0 0 2
0 0 0 2
12 12 12 2
12 12 12 2
12 12 12 2
43 42 20 4
43 42 20 4
43 42 20 4
44 20 4 4
44 20 4 4
44 20 4 4
20 20 4 4
31 21 21 4
50 21 21 4
50 21 21 4
47 37 37 2
27 27 27 2
37 37 37 2
37 37 37 2
37 37 37 2
37 37 37 2
5 5 5 2
5 5 5 2
5 5 5 2
5 5 5 2
5 5 5 2
5 5 5 2
5 5 5 2
45 6 6 2
45 6 6 2
45 6 6 2
45 6 6 2
45 6 6 2
45 6 6 2
22 22 22 2
22 22 22 2
22 22 22 2
22 22 22 2
22 22 22 2
0 0 0 2
0 0 0 2
0 0 0 2
12 12 12 2
12 12 12 2
12 12 12 2
43 42 20 4
43 42 20 4
43 42 20 4
44 20 4 4
44 20 4 4
44 20 4 4
20 20 4 4
3 21 21 4
3 21 21 4
47 37 37 2
47 37 37 2
37 37 37 2
37 37 37 2
37 37 37 2
37 37 37 2
37 37 37 2
11 11 11 2
5 5 5 2
5 5 5 2
5 5 5 2
5 5 5 2
5 5 5 2
49 6 6 2
49 6 6 2
49 6 6 2
49 6 6 2
49 6 6 2
49 6 6 2
49 6 6 2
22 22 22 2
22 22 22 2
22 22 22 2
22 22 22 2
22 22 22 2
0 0 0 2
0 0 0 2
21 12 12 2
12 12 12 2
12 12 12 2
12 12 12 2
43 42 20 4
43 42 20 4
42 42 20 4
42 42 20 4
44 20 4 4
44 20 4 4
20 20 4 4
3 21 21 4
3 21 21 4
47 37 37 2
47 37 37 2
47 37 37 2
37 37 37 2
2 2 2 2
2 2 2 2
11 11 11 2
11 11 11 2
5 5 5 2
5 5 5 2
5 5 5 2
5 5 5 2
5 5 5 2
49 6 6 2
49 6 6 2
49 6 6 2
49 6 6 2
49 6 6 2
49 6 6 2
49 6 6 2
22 22 22 2
22 22 22 2
22 22 22 2
48 31 31 2
48 31 31 2
21 12 12 2
21 12 12 2
21 12 12 2
12 12 12 2
12 12 12 2
43 42 20 4
43 42 20 4
43 42 20 4
43 42 20 4
44 20 4 4
44 20 4 4
44 20 4 4
20 20 4 4
3 21 21 4
3 21 21 4
47 37 37 2
47 37 37 2
47 37 37 2
37 37 37 2
2 2 2 2
2 2 2 2
11 11 11 2
11 11 11 2
11 11 11 2
5 5 5 2
5 5 5 2
5 5 5 2
10 6 6 2
49 6 6 2
49 6 6 2
49 6 6 2
49 6 6 2
49 6 6 2
49 6 6 2
49 6 6 2
48 31 31 2
48 31 31 2
48 31 31 2
48 31 31 2
48 31 31 2
48 31 31 2
21 12 12 2
21 12 12 2
12 12 12 2
12 12 12 2
43 42 20 4
43 42 20 4
43 42 20 4
43 42 20 4
43 42 20 4
44 20 4 4
44 20 4 4
20 20 4 4
3 21 21 4
46 10 10 4
47 37 37 2
47 37 37 2
2 2 2 2
2 2 2 2
2 2 2 2
2 2 2 2
11 11 11 2
11 11 11 2
11 11 11 2
11 11 11 2
5 5 5 2
5 5 5 2
10 6 6 2
10 6 6 2
49 6 6 2
49 6 6 2
49 6 6 2
49 6 6 2
49 6 6 2
40 16 16 3
40 16 16 3
40 16 16 3
40 16 16 3
48 31 31 2
48 31 31 2
48 31 31 2
21 12 12 2
21 12 12 2
12 12 12 2
17 17 17 4
17 17 17 4
17 17 17 4
43 42 20 4
43 42 20 4
43 42 20 4
44 20 4 4
44 20 4 4
20 20 4 4
3 21 21 4
46 10 10 4
46 10 10 4
47 37 37 2
2 2 2 2
2 2 2 2
2 2 2 2
2 2 2 2
11 11 11 2
11 11 11 2
11 11 11 2
11 11 11 2
5 5 5 2
10 6 6 2
10 6 6 2
10 6 6 2
10 6 6 2
10 6 6 2
49 6 6 2
49 6 6 2
49 6 6 2
40 16 16 3
40 16 16 3
40 16 16 3
40 16 16 3
40 16 16 3
40 16 16 3
40 16 16 3
21 12 12 2
21 12 12 2
12 12 12 2
17 17 17 4
17 17 17 4
17 17 17 4
43 42 20 4
43 42 20 4
43 42 20 4
44 20 4 4
44 20 4 4
20 20 4 4
46 10 10 4
46 10 10 4
46 10 10 4
47 37 37 2
2 2 2 2
2 2 2 2
2 2 2 2
2 2 2 2
11 11 11 2
11 11 11 2
11 11 11 2
11 11 11 2
5 5 5 2
1 1 1 2
1 1 1 2
6 24 24 2
6 24 24 2
6 24 24 2
6 24 24 2
6 24 24 2
6 24 24 2
40 16 16 3
40 16 16 3
40 16 16 3
40 16 16 3
16 16 16 3
16 16 16 3
16 16 16 3
16 16 16 3
21 12 12 2
12 12 12 2
17 17 17 4
17 17 17 4
17 17 17 4
43 42 20 4
43 42 20 4
43 42 20 4
44 20 4 4
44 20 4 4
28 28 28 4
46 10 10 4
46 10 10 4
46 10 10 4
46 10 10 4
46 10 10 4
2 2 2 2
2 2 2 2
41 3 3 2
41 3 3 2
11 11 11 2
11 11 11 2
11 11 11 2
5 5 5 2
1 1 1 2
1 1 1 2
1 1 1 2
6 24 24 2
6 24 24 2
6 24 24 2
6 24 24 2
6 24 24 2
16 16 16 3
16 16 16 3
16 16 16 3
16 16 16 3
16 16 16 3
16 16 16 3
16 16 16 3
16 16 16 3
21 12 12 2
17 17 17 4
17 17 17 4
17 17 17 4
17 17 17 4
17 17 17 4
17 17 17 4
17 17 17 4
44 20 4 4
44 20 4 4
28 28 28 4
46 10 10 4
46 10 10 4
46 10 10 4
46 10 10 4
46 10 10 4
46 10 10 4
2 2 2 2
41 3 3 2
41 3 3 2
11 11 11 2
11 11 11 2
11 11 11 2
1 1 1 2
1 1 1 2
1 1 1 2
1 1 1 2
6 24 24 2
6 24 24 2
6 24 24 2
6 24 24 2
6 24 24 2
7 7 7 2
7 7 7 2
16 16 16 3
16 16 16 3
16 16 16 3
16 16 16 3
33 33 33 3
33 33 33 3
17 17 17 4
17 17 17 4
17 17 17 4
17 17 17 4
17 17 17 4
17 17 17 4
17 17 17 4
28 28 28 4
28 28 28 4
28 28 28 4
28 28 28 4
28 28 28 4
46 10 10 4
46 10 10 4
46 10 10 4
46 10 10 4
41 3 3 2
41 3 3 2
41 3 3 2
41 3 3 2
41 3 3 2
41 3 3 2
41 3 3 2
1 1 1 2
1 1 1 2
1 1 1 2
1 1 1 2
1 1 1 2
24 1 1 2
24 1 1 2
24 1 1 2
35 23 23 0
7 7 7 2
7 7 7 2
7 7 7 2
16 16 16 3
16 16 16 3
16 16 16 3
33 33 33 3
33 33 33 3
33 33 33 3
17 17 17 4
30 30 30 4
30 30 30 4
17 17 17 4
17 17 17 4
17 17 17 4
28 28 28 4
28 28 28 4
28 28 28 4
28 28 28 4
28 28 28 4
46 10 10 4
29 29 29 4
29 29 29 4
29 29 29 4
41 3 3 2
41 3 3 2
41 3 3 2
41 3 3 2
41 3 3 2
41 3 3 2
41 3 3 2
1 1 1 2
1 1 1 2
1 1 1 2
1 1 1 2
1 1 1 2
1 1 1 2
24 1 1 2
24 1 1 2
35 23 23 0
7 7 7 2
7 7 7 2
7 7 7 2
7 7 7 2
16 16 16 3
33 33 33 3
33 33 33 3
33 33 33 3
33 33 33 3
30 30 30 4
30 30 30 4
30 30 30 4
17 17 17 4
17 17 17 4
17 17 17 4
28 28 28 4
28 28 28 4
28 28 28 4
28 28 28 4
28 28 28 4
46 10 10 4
29 29 29 4
29 29 29 4
29 29 29 4
25 25 15 2
41 3 3 2
41 3 3 2
41 3 3 2
41 3 3 2
41 3 3 2
41 3 3 2
14 14 25 2
14 14 25 2
1 1 1 2
24 1 1 2
24 1 1 2
24 1 1 2
24 1 1 2
24 1 1 2
35 23 23 0
7 7 7 2
7 7 7 2
7 7 7 2
7 7 7 2
33 33 33 3
33 33 33 3
33 33 33 3
33 33 33 3
33 33 33 3
33 33 33 3
30 30 30 4
30 30 30 4
30 30 30 4
17 17 17 4
17 17 17 4
28 28 28 4
28 28 28 4
28 28 28 4
28 28 28 4
28 28 28 4
29 29 29 4
29 29 29 4
29 29 29 4
25 25 15 2
25 25 15 2
25 25 15 2
15 15 15 2
41 3 3 2
41 3 3 2
41 3 3 2
14 14 25 2
14 14 25 2
14 14 25 2
1 1 1 2
1 1 1 2
24 1 1 2
24 1 1 2
24 1 1 2
24 1 1 2
35 23 23 0
7 7 7 2
7 7 7 2
7 7 7 2
7 7 7 2
7 7 7 2
33 33 33 3
33 33 33 3
33 33 33 3
33 33 33 3
30 30 30 4
30 30 30 4
30 30 30 4
30 30 30 4
30 30 30 4
30 30 30 4
28 28 28 4
28 28 28 4
28 28 28 4
28 28 28 4
29 29 29 4
29 29 29 4
29 29 29 4
29 29 29 4
25 25 15 2
25 25 15 2
25 25 15 2
15 15 15 2
41 3 3 2
41 3 3 2
14 14 25 2
14 14 25 2
14 14 25 2
14 14 25 2
14 14 25 2
14 14 25 2
32 32 32 2
32 32 32 2
32 32 32 2
35 23 23 0
35 23 23 0
35 23 23 0
7 7 7 2
7 7 7 2
7 7 7 2
7 7 7 2
33 33 33 3
33 33 33 3
33 33 33 3
30 30 30 4
30 30 30 4
30 30 30 4
30 30 30 4
30 30 30 4
30 30 30 4
30 30 30 4
9 9 9 4
9 9 9 4
9 9 9 4
9 9 9 4
9 9 9 4
29 29 29 4
29 29 29 4
29 29 29 4
25 25 15 2
25 25 15 2
25 25 15 2
15 15 15 2
15 15 15 2
15 15 15 2
14 14 25 2
14 14 25 2
14 14 25 2
14 14 25 2
14 14 25 2
14 14 25 2
32 32 32 2
32 32 32 2
32 32 32 2
35 23 23 0
35 23 23 0
35 23 23 0
7 7 7 2
23 23 23 0
23 23 23 0
23 23 23 0
33 33 33 3
33 33 33 3
33 33 33 3
8 8 8 1
30 30 30 4
30 30 30 4
30 30 30 4
30 30 30 4
38 34 34 4
38 34 34 4
9 9 9 4
9 9 9 4
9 9 9 4
9 9 9 4
9 9 9 4
29 29 29 4
29 29 29 4
19 19 19 4
25 25 15 2
25 25 15 2
15 15 15 2
15 15 15 2
15 15 15 2
15 15 15 2
14 14 25 2
14 14 25 2
14 14 25 2
14 14 25 2
14 14 25 2
32 32 32 2
32 32 32 2
32 32 32 2
32 32 32 2
35 23 23 0
35 23 23 0
35 23 23 0
23 23 23 0
23 23 23 0
23 23 23 0
23 23 23 0
23 23 23 0
33 33 33 3
39 8 8 1
8 8 8 1
30 30 30 4
30 30 30 4
30 30 30 4
30 30 30 4
38 34 34 4
38 34 34 4
9 9 9 4
9 9 9 4
9 9 9 4
9 9 9 4
9 9 9 4
9 9 9 4
29 29 29 4
19 19 19 4
19 19 19 4
25 25 15 2
15 15 15 2
15 15 15 2
15 15 15 2
15 15 15 2
26 26 26 2
14 14 25 2
14 14 25 2
14 14 25 2
4 4 38 2
4 4 38 2
4 4 38 2
32 32 32 2
32 32 32 2
35 23 23 0
35 23 23 0
35 23 23 0
23 23 23 0
23 23 23 0
23 23 23 0
23 23 23 0
23 23 23 0
39 8 8 1
39 8 8 1
8 8 8 1
8 8 8 1
8 8 8 1
30 30 30 4
38 34 34 4
38 34 34 4
38 34 34 4
9 9 9 4
9 9 9 4
9 9 9 4
9 9 9 4
9 9 9 4
9 9 9 4
19 19 19 4
19 19 19 4
19 19 19 4
25 25 15 2
18 18 18 2
15 15 15 2
15 15 15 2
26 26 26 2
26 26 26 2
14 14 25 2
14 14 25 2
14 14 25 2
4 4 38 2
4 4 38 2
4 4 38 2
32 32 32 2
32 32 32 2
35 23 23 0
35 23 23 0
35 23 23 0
23 23 23 0
23 23 23 0
23 23 23 0
23 23 23 0
39 8 8 1
39 8 8 1
39 8 8 1
8 8 8 1
8 8 8 1
8 8 8 1
30 30 30 4
38 34 34 4
38 34 34 4
34 34 34 4
34 34 34 4
34 34 34 4
9 9 9 4
9 9 9 4
9 9 9 4
19 19 19 4
19 19 19 4
19 19 19 4
19 19 19 4
19 19 19 4
18 18 18 2
15 15 15 2
26 26 26 2
26 26 26 2
26 26 26 2
26 26 26 2
14 14 25 2
14 14 25 2
4 4 38 2
4 4 38 2
4 4 38 2
32 32 32 2
32 32 32 2
13 13 13 0
13 13 13 0
13 13 13 0
23 23 23 0
23 23 23 0
23 23 23 0
23 23 23 0
39 8 8 1
39 8 8 1
39 8 8 1
8 8 8 1
8 8 8 1
8 8 8 1
38 34 34 4
38 34 34 4
38 34 34 4
38 34 34 4
38 34 34 4
38 34 34 4
9 9 9 4
9 9 9 4
9 9 9 4
9 9 9 4
19 19 19 4
19 19 19 4
19 19 19 4
18 18 18 2
18 18 18 2
18 18 18 2
26 26 26 2
26 26 26 2
26 26 26 2
26 26 26 2
4 4 38 2
4 4 38 2
4 4 38 2
4 4 38 2
4 4 38 2
32 32 32 2
32 32 32 2
13 13 13 0
13 13 13 0
13 13 13 0
13 13 13 0
23 23 23 0
23 23 23 0
39 8 8 1
39 8 8 1
39 8 8 1
39 8 8 1
8 8 8 1
8 8 8 1
8 8 8 1
38 34 34 4
38 34 34 4
38 34 34 4
38 34 34 4
38 34 34 4
9 9 9 4
9 9 9 4
9 9 9 4
9 9 9 4
9 9 9 4
19 19 19 4
19 19 19 4
18 18 18 2
18 18 18 2
18 18 18 2
18 18 18 2
26 26 26 2
26 26 26 2
26 26 26 2
26 26 26 2
4 4 38 2
4 4 38 2
4 4 38 2
4 4 38 2
4 4 38 2
4 4 38 2
32 32 32 2
13 13 13 0
13 13 13 0
13 13 13 0
13 13 13 0
23 23 23 0
23 23 23 0
39 8 8 1
39 8 8 1
39 8 8 1
39 8 8 1
8 8 8 1
8 8 8 1
8 8 8 1
38 34 34 4
38 34 34 4
38 34 34 4
38 34 34 4
38 34 34 4
9 9 9 4
9 9 9 4
9 9 9 4
9 9 9 4
9 9 9 4
19 19 19 4
19 19 19 4
18 18 18 2
18 18 18 2
18 18 18 2
18 18 18 2
26 26 26 2
26 26 26 2
26 26 26 2
26 26 26 2
4 4 38 2
4 4 38 2
4 4 38 2
4 4 38 2
4 4 38 2
4 4 38 2
32 32 32 2
13 13 13 0
13 13 13 0
13 13 13 0
13 13 13 0
23 23 23 0
23 23 23 0
39 8 8 1
39 8 8 1
39 8 8 1
39 8 8 1
8 8 8 1
8 8 8 1
