36 36 36 2
43 42 20 2
43 42 20 2
43 42 20 2
42 42 20 2
42 42 20 2
42 42 20 2
31 21 21 2
31 21 21 2
31 21 21 2
50 21 21 2
50 21 21 2
27 27 27 2
27 27 27 2
27 27 27 2
27 27 27 2
27 27 27 2
11 11 11 4
11 11 11 4
11 11 11 4
11 11 11 4
5 5 5 4
5 5 5 4
5 5 5 4
5 5 5 4
45 6 6 4
45 6 6 4
45 6 6 4
45 6 6 4
45 6 6 4
45 6 6 4
22 22 22 2
22 22 22 2
22 22 22 2
22 22 22 2
36 36 36 2
36 36 36 2
36 36 36 2
36 36 36 2
36 36 36 2
21 12 12 2
43 42 20 2
43 42 20 2
43 42 20 2
42 42 20 2
42 42 20 2
42 42 20 2
31 21 21 2
31 21 21 2
31 21 21 2
50 21 21 2
50 21 21 2
27 27 27 2
27 27 27 2
37 37 37 2
37 37 37 2
37 37 37 2
11 11 11 4
11 11 11 4
11 11 11 4
11 11 11 4
5 5 5 4
5 5 5 4
5 5 5 4
5 5 5 4
45 6 6 4
45 6 6 4
45 6 6 4
45 6 6 4
45 6 6 4
45 6 6 4
22 22 22 2
22 22 22 2
22 22 22 2
22 22 22 2
22 22 22 2
36 36 36 2
36 36 36 2
21 12 12 2
21 12 12 2
21 12 12 2
43 42 20 2
43 42 20 2
43 42 20 2
42 42 20 2
42 42 20 2
42 42 20 2
31 21 21 2
31 21 21 2
31 21 21 2
50 21 21 2
50 21 21 2
47 37 37 2
27 27 27 2
37 37 37 2
37 37 37 2
37 37 37 2
11 11 11 4
11 11 11 4
5 5 5 4
5 5 5 4
5 5 5 4
5 5 5 4
5 5 5 4
5 5 5 4
45 6 6 4
45 6 6 4
45 6 6 4
45 6 6 4
45 6 6 4
45 6 6 4
22 22 22 2
22 22 22 2
22 22 22 2
22 22 22 2
22 22 22 2
0 0 0 2
0 0 0 2
21 12 12 2
21 12 12 2
12 12 12 2
12 12 12 2
43 42 20 2
43 42 20 2
42 42 20 2
42 42 20 2
44 20 4 2
44 20 4 2
20 20 4 2
3 21 21 2
3 21 21 2
47 37 37 2
47 37 37 2
37 37 37 2
37 37 37 2
37 37 37 2
37 37 37 2
11 11 11 4
11 11 11 4
11 11 11 4
11 11 11 4
11 11 11 4
5 5 5 4
5 5 5 4
10 24 24 4
49 6 6 4
49 6 6 4
49 6 6 4
49 6 6 4
49 6 6 4
49 6 6 4
22 22 22 2
22 22 22 2
22 22 22 2
22 22 22 2
22 22 22 2
0 0 0 2
0 0 0 2
21 12 12 2
12 12 12 2
21 12 12 2
43 42 20 2
43 42 20 2
43 42 20 2
42 42 20 2
42 42 20 2
44 20 4 2
44 20 4 2
20 20 4 2
3 21 21 2
3 21 21 2
47 37 37 2
47 37 37 2
47 37 37 2
37 37 37 2
2 2 2 2
2 2 2 2
11 11 11 4
11 11 11 4
11 11 11 4
11 11 11 4
11 11 11 4
5 5 5 4
5 5 5 4
10 24 24 4
10 24 24 4
49 6 6 4
49 6 6 4
49 6 6 4
49 6 6 4
49 6 6 4
48 31 31 2
48 31 31 2
48 31 31 2
48 31 31 2
48 31 31 2
0 0 0 2
0 0 0 2
21 12 12 2
21 12 12 2
21 12 12 2
43 42 20 2
43 42 20 2
43 42 20 2
42 42 20 2
42 42 20 2
44 20 4 2
44 20 4 2
20 20 4 2
3 21 21 2
3 21 21 2
47 37 37 2
47 37 37 2
47 37 37 2
37 37 37 2
2 2 2 2
2 2 2 2
11 11 11 4
11 11 11 4
11 11 11 4
11 11 11 4
11 11 11 4
10 24 24 4
10 24 24 4
10 24 24 4
10 24 24 4
6 24 24 4
49 6 6 4
49 6 6 4
49 6 6 4
48 31 31 2
48 31 31 2
48 31 31 2
48 31 31 2
48 31 31 2
48 31 31 2
48 31 31 2
0 0 0 2
21 12 12 2
21 12 12 2
21 12 12 2
43 42 20 2
43 42 20 2
43 42 20 2
42 42 20 2
42 42 20 2
44 20 4 2
44 20 4 2
20 20 4 2
3 21 21 2
46 10 10 2
47 37 37 2
47 37 37 2
2 2 2 2
2 2 2 2
2 2 2 2
2 2 2 2
11 11 11 4
11 11 11 4
11 11 11 4
11 11 11 4
11 11 11 4
10 24 24 4
10 24 24 4
10 24 24 4
10 24 24 4
6 24 24 4
49 6 6 4
49 6 6 4
49 6 6 4
40 16 16 2
40 16 16 2
40 16 16 2
40 16 16 2
48 31 31 2
48 31 31 2
48 31 31 2
21 12 12 2
21 12 12 2
21 12 12 2
21 12 12 2
43 42 20 2
43 42 20 2
43 42 20 2
42 42 20 2
42 42 20 2
44 20 4 2
44 20 4 2
20 20 4 2
3 21 21 2
46 10 10 2
47 37 37 2
47 37 37 2
2 2 2 2
2 2 2 2
2 2 2 2
2 2 2 2
11 11 11 4
11 11 11 4
11 11 11 4
11 11 11 4
11 11 11 4
10 24 24 4
10 24 24 4
10 24 24 4
10 24 24 4
6 24 24 4
6 24 24 4
6 24 24 4
6 24 24 4
40 16 16 2
40 16 16 2
40 16 16 2
40 16 16 2
40 16 16 2
40 16 16 2
21 12 12 2
21 12 12 2
21 12 12 2
21 12 12 2
21 12 12 2
43 42 20 2
43 42 20 2
43 42 20 2
43 42 20 2
43 42 20 2
44 20 4 2
44 20 4 2
20 20 4 2
46 10 10 2
46 10 10 2
46 10 10 2
47 37 37 2
2 2 2 2
2 2 2 2
2 2 2 2
2 2 2 2
11 11 11 4
11 11 11 4
11 11 11 4
11 11 11 4
11 11 11 4
1 1 1 4
1 1 1 4
10 24 24 4
10 24 24 4
6 24 24 4
6 24 24 4
6 24 24 4
6 24 24 4
40 16 16 2
40 16 16 2
40 16 16 2
40 16 16 2
16 16 16 2
16 16 16 2
16 16 16 2
21 12 12 2
21 12 12 2
21 12 12 2
21 12 12 2
43 42 20 2
43 42 20 2
43 42 20 2
43 42 20 2
43 42 20 2
44 20 4 2
44 20 4 2
28 28 28 2
46 10 10 2
46 10 10 2
46 10 10 2
46 10 10 2
46 10 10 2
2 2 2 2
2 2 2 2
41 3 3 3
41 3 3 3
11 11 11 4
11 11 11 4
11 11 11 4
11 11 11 4
1 1 1 4
1 1 1 4
1 1 1 4
10 24 24 4
6 24 24 4
6 24 24 4
6 24 24 4
6 24 24 4
16 16 16 2
16 16 16 2
16 16 16 2
16 16 16 2
16 16 16 2
16 16 16 2
16 16 16 2
21 12 12 2
21 12 12 2
21 12 12 2
17 17 17 2
17 17 17 2
17 17 17 2
17 17 17 2
17 17 17 2
17 17 17 2
28 28 28 2
28 28 28 2
28 28 28 2
46 10 10 2
46 10 10 2
46 10 10 2
46 10 10 2
46 10 10 2
2 2 2 2
2 2 2 2
41 3 3 3
41 3 3 3
11 11 11 4
11 11 11 4
11 11 11 4
1 1 1 4
1 1 1 4
1 1 1 4
1 1 1 4
10 24 24 4
6 24 24 4
6 24 24 4
6 24 24 4
6 24 24 4
16 16 16 2
16 16 16 2
16 16 16 2
16 16 16 2
16 16 16 2
16 16 16 2
33 33 33 2
33 33 33 2
21 12 12 2
21 12 12 2
21 12 12 2
17 17 17 2
17 17 17 2
17 17 17 2
17 17 17 2
17 17 17 2
28 28 28 2
28 28 28 2
28 28 28 2
28 28 28 2
46 10 10 2
46 10 10 2
46 10 10 2
46 10 10 2
41 3 3 3
41 3 3 3
41 3 3 3
41 3 3 3
11 11 11 4
11 11 11 4
11 11 11 4
1 1 1 4
1 1 1 4
1 1 1 4
1 1 1 4
1 1 1 4
24 1 1 4
24 1 1 4
24 1 1 4
24 1 1 4
7 7 7 2
7 7 7 2
7 7 7 2
16 16 16 2
16 16 16 2
33 33 33 2
33 33 33 2
33 33 33 2
21 12 12 2
21 12 12 2
33 33 33 2
17 17 17 2
17 17 17 2
17 17 17 2
17 17 17 2
28 28 28 2
28 28 28 2
28 28 28 2
28 28 28 2
28 28 28 2
46 10 10 2
29 29 29 3
29 29 29 3
25 25 15 3
25 25 15 3
41 3 3 3
41 3 3 3
41 3 3 3
41 3 3 3
41 3 3 3
41 3 3 3
1 1 1 4
1 1 1 4
1 1 1 4
1 1 1 4
1 1 1 4
24 1 1 4
24 1 1 4
24 1 1 4
24 1 1 4
7 7 7 2
7 7 7 2
7 7 7 2
7 7 7 2
16 16 16 2
33 33 33 2
33 33 33 2
33 33 33 2
33 33 33 2
33 33 33 2
33 33 33 2
17 17 17 2
17 17 17 2
17 17 17 2
17 17 17 2
28 28 28 2
28 28 28 2
28 28 28 2
28 28 28 2
28 28 28 2
46 10 10 2
29 29 29 3
29 29 29 3
25 25 15 3
25 25 15 3
41 3 3 3
41 3 3 3
41 3 3 3
41 3 3 3
41 3 3 3
41 3 3 3
1 1 1 4
1 1 1 4
1 1 1 4
1 1 1 4
24 1 1 4
24 1 1 4
24 1 1 4
24 1 1 4
24 1 1 4
7 7 7 2
7 7 7 2
7 7 7 2
7 7 7 2
33 33 33 2
33 33 33 2
33 33 33 2
33 33 33 2
33 33 33 2
33 33 33 2
8 8 8 0
17 17 17 2
17 17 17 2
17 17 17 2
38 34 34 0
34 34 34 0
28 28 28 2
28 28 28 2
28 28 28 2
28 28 28 2
29 29 29 3
29 29 29 3
29 29 29 3
25 25 15 3
25 25 15 3
25 25 15 3
15 15 15 3
41 3 3 3
41 3 3 3
41 3 3 3
41 3 3 3
1 1 1 4
1 1 1 4
1 1 1 4
1 1 1 4
24 1 1 4
24 1 1 4
24 1 1 4
24 1 1 4
7 7 7 2
7 7 7 2
7 7 7 2
7 7 7 2
7 7 7 2
7 7 7 2
33 33 33 2
33 33 33 2
33 33 33 2
8 8 8 0
8 8 8 0
30 30 30 2
30 30 30 2
30 30 30 2
30 30 30 2
38 34 34 0
34 34 34 0
34 34 34 0
28 28 28 2
28 28 28 2
29 29 29 3
29 29 29 3
29 29 29 3
29 29 29 3
25 25 15 3
25 25 15 3
25 25 15 3
15 15 15 3
41 3 3 3
41 3 3 3
41 3 3 3
41 3 3 3
14 14 14 4
14 14 14 4
14 14 14 4
1 1 1 4
32 32 32 4
24 1 1 4
24 1 1 4
24 1 1 4
35 23 23 2
7 7 7 2
7 7 7 2
7 7 7 2
7 7 7 2
7 7 7 2
33 33 33 2
33 33 33 2
33 33 33 2
8 8 8 0
30 30 30 2
8 8 8 0
8 8 8 0
30 30 30 2
30 30 30 2
38 34 34 0
34 34 34 0
34 34 34 0
28 28 28 2
9 9 9 4
29 29 29 3
29 29 29 3
29 29 29 3
29 29 29 3
25 25 15 3
25 25 15 3
25 25 15 3
15 15 15 3
15 15 15 3
41 3 3 3
41 3 3 3
41 3 3 3
14 14 14 4
14 14 14 4
14 14 14 4
1 1 1 4
32 32 32 4
32 32 32 4
32 32 32 4
35 23 23 2
35 23 23 2
35 23 23 2
7 7 7 2
7 7 7 2
7 7 7 2
7 7 7 2
33 33 33 2
33 33 33 2
39 8 8 0
8 8 8 0
8 8 8 0
8 8 8 0
8 8 8 0
38 34 34 0
38 34 34 0
38 34 34 0
34 34 34 0
34 34 34 0
9 9 9 4
9 9 9 4
9 9 9 4
29 29 29 3
29 29 29 3
19 19 19 4
25 25 15 3
25 25 15 3
15 15 15 3
15 15 15 3
15 15 15 3
15 15 15 3
15 15 15 3
14 14 14 4
14 14 14 4
14 14 14 4
14 14 14 4
32 32 32 4
32 32 32 4
32 32 32 4
32 32 32 4
35 23 23 2
35 23 23 2
35 23 23 2
23 23 23 2
23 23 23 2
23 23 23 2
23 23 23 2
33 33 33 2
33 33 33 2
39 8 8 0
8 8 8 0
8 8 8 0
8 8 8 0
8 8 8 0
38 34 34 0
38 34 34 0
38 34 34 0
34 34 34 0
34 34 34 0
9 9 9 4
9 9 9 4
9 9 9 4
29 29 29 3
29 29 29 3
19 19 19 4
25 25 15 3
25 25 15 3
15 15 15 3
15 15 15 3
15 15 15 3
26 26 26 4
26 26 26 4
26 26 26 4
4 4 38 4
4 4 38 4
4 4 38 4
4 4 38 4
32 32 32 4
32 32 32 4
32 32 32 4
35 23 23 2
35 23 23 2
35 23 23 2
23 23 23 2
23 23 23 2
23 23 23 2
23 23 23 2
23 23 23 2
39 8 8 0
39 8 8 0
8 8 8 0
8 8 8 0
8 8 8 0
8 8 8 0
38 34 34 0
38 34 34 0
38 34 34 0
34 34 34 0
34 34 34 0
9 9 9 4
9 9 9 4
9 9 9 4
9 9 9 4
19 19 19 4
19 19 19 4
19 19 19 4
25 25 15 3
18 18 18 1
15 15 15 3
15 15 15 3
26 26 26 4
26 26 26 4
26 26 26 4
4 4 38 4
4 4 38 4
4 4 38 4
4 4 38 4
32 32 32 4
32 32 32 4
32 32 32 4
35 23 23 2
35 23 23 2
35 23 23 2
23 23 23 2
23 23 23 2
23 23 23 2
23 23 23 2
39 8 8 0
39 8 8 0
39 8 8 0
8 8 8 0
8 8 8 0
8 8 8 0
8 8 8 0
38 34 34 0
38 34 34 0
38 34 34 0
34 34 34 0
34 34 34 0
9 9 9 4
9 9 9 4
9 9 9 4
9 9 9 4
19 19 19 4
19 19 19 4
19 19 19 4
19 19 19 4
18 18 18 1
15 15 15 3
15 15 15 3
26 26 26 4
26 26 26 4
26 26 26 4
4 4 38 4
4 4 38 4
4 4 38 4
4 4 38 4
32 32 32 4
32 32 32 4
13 13 13 0
13 13 13 0
13 13 13 0
13 13 13 0
23 23 23 2
23 23 23 2
23 23 23 2
23 23 23 2
39 8 8 0
39 8 8 0
39 8 8 0
8 8 8 0
8 8 8 0
8 8 8 0
38 34 34 0
38 34 34 0
38 34 34 0
38 34 34 0
34 34 34 0
34 34 34 0
9 9 9 4
9 9 9 4
9 9 9 4
9 9 9 4
19 19 19 4
19 19 19 4
19 19 19 4
18 18 18 1
18 18 18 1
18 18 18 1
26 26 26 4
26 26 26 4
26 26 26 4
26 26 26 4
4 4 38 4
4 4 38 4
4 4 38 4
4 4 38 4
4 4 38 4
32 32 32 4
13 13 13 0
13 13 13 0
13 13 13 0
13 13 13 0
13 13 13 0
23 23 23 2
23 23 23 2
39 8 8 0
39 8 8 0
39 8 8 0
39 8 8 0
8 8 8 0
8 8 8 0
8 8 8 0
38 34 34 0
38 34 34 0
38 34 34 0
38 34 34 0
34 34 34 0
34 34 34 0
9 9 9 4
9 9 9 4
9 9 9 4
9 9 9 4
19 19 19 4
19 19 19 4
18 18 18 1
18 18 18 1
18 18 18 1
18 18 18 1
26 26 26 4
26 26 26 4
26 26 26 4
26 26 26 4
26 26 26 4
4 4 38 4
4 4 38 4
4 4 38 4
4 4 38 4
4 4 38 4
13 13 13 0
13 13 13 0
13 13 13 0
13 13 13 0
13 13 13 0
23 23 23 2
23 23 23 2
39 8 8 0
39 8 8 0
39 8 8 0
39 8 8 0
8 8 8 0
8 8 8 0
8 8 8 0
38 34 34 0
38 34 34 0
38 34 34 0
38 34 34 0
34 34 34 0
34 34 34 0
9 9 9 4
9 9 9 4
9 9 9 4
9 9 9 4
19 19 19 4
19 19 19 4
18 18 18 1
18 18 18 1
18 18 18 1
18 18 18 1
26 26 26 4
26 26 26 4
26 26 26 4
26 26 26 4
4 4 38 4
4 4 38 4
4 4 38 4
4 4 38 4
4 4 38 4
4 4 38 4
13 13 13 0
13 13 13 0
13 13 13 0
13 13 13 0
13 13 13 0
23 23 23 2
23 23 23 2
39 8 8 0
39 8 8 0
39 8 8 0
39 8 8 0
8 8 8 0
8 8 8 0
