12 12 12 1
12 12 12 1
12 12 12 1
42 42 20 1
42 42 20 1
42 42 20 1
31 21 21 1
31 21 21 1
31 21 21 1
31 21 21 1
50 21 21 1
50 21 21 1
27 27 27 1
27 27 27 1
37 2 2 1
37 2 2 1
37 2 2 1
11 11 11 2
11 11 11 2
5 5 5 2
5 5 5 2
5 5 5 2
5 5 5 2
5 5 5 2
5 5 5 2
45 6 6 2
45 6 6 2
45 6 6 2
45 6 6 2
45 6 6 2
45 6 6 2
22 22 22 4
22 22 22 4
22 22 22 4
22 22 22 4
22 22 22 4
36 36 36 1
36 36 36 1
36 36 36 1
12 12 12 1
12 12 12 1
12 12 12 1
12 12 12 1
42 42 20 1
42 42 20 1
42 42 20 1
31 21 21 1
31 21 21 1
31 21 21 1
31 21 21 1
50 21 21 1
50 21 21 1
27 27 27 1
27 27 27 1
37 2 2 1
37 2 2 1
37 2 2 1
11 11 11 2
11 11 11 2
5 5 5 2
5 5 5 2
5 5 5 2
5 5 5 2
5 5 5 2
5 5 5 2
45 6 6 2
45 6 6 2
45 6 6 2
45 6 6 2
45 6 6 2
45 6 6 2
22 22 22 4
22 22 22 4
22 22 22 4
22 22 22 4
22 22 22 4
22 22 22 4
21 12 12 1
21 12 12 1
12 12 12 1
12 12 12 1
12 12 12 1
42 42 20 1
42 42 20 1
42 42 20 1
42 42 20 1
31 21 21 1
31 21 21 1
31 21 21 1
31 21 21 1
50 21 21 1
50 21 21 1
47 37 37 1
27 27 27 1
37 2 2 1
37 2 2 1
37 2 2 1
11 11 11 2
11 11 11 2
5 5 5 2
5 5 5 2
5 5 5 2
5 5 5 2
5 5 5 2
45 6 6 2
45 6 6 2
45 6 6 2
45 6 6 2
45 6 6 2
45 6 6 2
45 6 6 2
22 22 22 4
22 22 22 4
22 22 22 4
22 22 22 4
22 22 22 4
0 0 0 1
0 0 0 1
21 12 12 1
12 12 12 1
12 12 12 1
12 12 12 1
42 42 20 1
42 42 20 1
42 42 20 1
42 42 20 1
44 20 4 1
44 20 4 1
20 20 4 1
3 21 21 1
3 21 21 1
47 37 37 1
47 37 37 1
37 2 2 1
37 2 2 1
37 2 2 1
37 2 2 1
11 11 11 2
11 11 11 2
11 11 11 2
5 5 5 2
5 5 5 2
5 5 5 2
5 5 5 2
49 6 6 2
49 6 6 2
49 6 6 2
49 6 6 2
49 6 6 2
49 6 6 2
49 6 6 2
22 22 22 4
22 22 22 4
22 22 22 4
22 22 22 4
22 22 22 4
22 22 22 4
21 12 12 1
21 12 12 1
12 12 12 1
12 12 12 1
12 12 12 1
42 42 20 1
42 42 20 1
42 42 20 1
42 42 20 1
44 20 4 1
44 20 4 1
20 20 4 1
3 21 21 1
3 21 21 1
47 37 37 1
47 37 37 1
47 37 37 1
37 2 2 1
37 2 2 1
37 2 2 1
11 11 11 2
11 11 11 2
11 11 11 2
5 5 5 2
5 5 5 2
5 5 5 2
5 5 5 2
10 24 24 2
10 24 24 2
49 6 6 2
49 6 6 2
49 6 6 2
49 6 6 2
49 6 6 2
40 16 16 4
40 16 16 4
40 16 16 4
48 31 31 4
48 31 31 4
21 12 12 1
21 12 12 1
21 12 12 1
12 12 12 1
12 12 12 1
43 43 20 1
43 43 20 1
43 43 20 1
42 42 20 1
42 42 20 1
44 20 4 1
44 20 4 1
20 20 4 1
3 21 21 1
3 21 21 1
47 37 37 1
47 37 37 1
47 37 37 1
37 2 2 1
37 2 2 1
37 2 2 1
11 11 11 2
11 11 11 2
11 11 11 2
5 5 5 2
5 5 5 2
5 5 5 2
10 24 24 2
10 24 24 2
10 24 24 2
6 24 24 2
49 6 6 2
49 6 6 2
49 6 6 2
40 16 16 4
40 16 16 4
40 16 16 4
40 16 16 4
48 31 31 4
48 31 31 4
48 31 31 4
21 12 12 1
21 12 12 1
12 12 12 1
12 12 12 1
43 43 20 1
43 43 20 1
43 43 20 1
43 43 20 1
43 43 20 1
44 20 4 1
44 20 4 1
20 20 4 1
3 21 21 1
46 10 10 1
47 37 37 1
47 37 37 1
37 2 2 1
37 2 2 1
2 2 2 1
2 2 2 1
11 11 11 2
11 11 11 2
11 11 11 2
11 11 11 2
5 5 5 2
5 5 5 2
10 24 24 2
10 24 24 2
10 24 24 2
6 24 24 2
49 6 6 2
49 6 6 2
49 6 6 2
40 16 16 4
40 16 16 4
40 16 16 4
40 16 16 4
48 31 31 4
48 31 31 4
48 31 31 4
21 12 12 1
21 12 12 1
12 12 12 1
12 12 12 1
43 43 20 1
43 43 20 1
43 43 20 1
43 43 20 1
43 43 20 1
44 20 4 1
44 20 4 1
20 20 4 1
3 21 21 1
46 10 10 1
47 37 37 1
47 37 37 1
37 2 2 1
37 2 2 1
37 2 2 1
11 11 11 2
11 11 11 2
11 11 11 2
11 11 11 2
11 11 11 2
11 11 11 2
10 24 24 2
10 24 24 2
10 24 24 2
10 24 24 2
6 24 24 2
6 24 24 2
6 24 24 2
6 24 24 2
40 16 16 4
40 16 16 4
40 16 16 4
40 16 16 4
48 31 31 4
48 31 31 4
48 31 31 4
21 12 12 1
21 12 12 1
12 12 12 1
17 17 17 1
17 17 17 1
17 17 17 1
43 43 20 1
43 43 20 1
43 43 20 1
44 20 4 1
44 20 4 1
20 20 4 1
46 10 10 1
46 10 10 1
46 10 10 1
47 37 37 1
37 2 2 1
37 2 2 1
37 2 2 1
11 11 11 2
11 11 11 2
11 11 11 2
11 11 11 2
11 11 11 2
11 11 11 2
10 24 24 2
10 24 24 2
10 24 24 2
10 24 24 2
6 24 24 2
6 24 24 2
6 24 24 2
6 24 24 2
40 16 16 4
40 16 16 4
40 16 16 4
40 16 16 4
16 16 16 4
16 16 16 4
16 16 16 4
21 12 12 1
21 12 12 1
12 12 12 1
17 17 17 1
17 17 17 1
17 17 17 1
17 17 17 1
17 17 17 1
17 17 17 1
44 20 4 1
44 20 4 1
28 28 28 1
46 10 10 1
46 10 10 1
46 10 10 1
47 37 37 1
37 2 2 1
37 2 2 1
37 2 2 1
11 11 11 2
11 11 11 2
11 11 11 2
11 11 11 2
11 11 11 2
11 11 11 2
1 1 1 2
1 1 1 2
1 1 1 2
10 24 24 2
6 24 24 2
6 24 24 2
6 24 24 2
6 24 24 2
40 16 16 4
40 16 16 4
40 16 16 4
40 16 16 4
16 16 16 4
16 16 16 4
16 16 16 4
21 12 12 1
21 12 12 1
21 12 12 1
17 17 17 1
17 17 17 1
17 17 17 1
17 17 17 1
17 17 17 1
17 17 17 1
28 28 28 1
28 28 28 1
28 28 28 1
46 10 10 1
46 10 10 1
46 10 10 1
46 10 10 1
25 25 15 2
25 25 15 2
25 25 15 2
11 11 11 2
11 11 11 2
11 11 11 2
11 11 11 2
11 11 11 2
11 11 11 2
1 1 1 2
1 1 1 2
1 1 1 2
10 24 24 2
6 24 24 2
6 24 24 2
6 24 24 2
6 24 24 2
7 7 7 4
7 7 7 4
7 7 7 4
40 16 16 4
16 16 16 4
16 16 16 4
16 16 16 4
21 12 12 1
21 12 12 1
21 12 12 1
17 17 17 1
17 17 17 1
17 17 17 1
17 17 17 1
17 17 17 1
17 17 17 1
28 28 28 1
28 28 28 1
28 28 28 1
46 10 10 1
46 10 10 1
46 10 10 1
46 10 10 1
25 25 15 2
25 25 15 2
25 25 15 2
25 25 15 2
11 11 11 2
11 11 11 2
11 11 11 2
11 11 11 2
1 1 1 2
1 1 1 2
1 1 1 2
1 1 1 2
1 1 1 2
24 1 1 2
24 1 1 2
24 1 1 2
7 7 7 4
7 7 7 4
7 7 7 4
7 7 7 4
40 16 16 4
16 16 16 4
16 16 16 4
16 16 16 4
21 12 12 1
21 12 12 1
21 12 12 1
30 30 30 1
30 30 30 1
17 17 17 1
17 17 17 1
17 17 17 1
28 28 28 1
28 28 28 1
28 28 28 1
28 28 28 1
28 28 28 1
46 10 10 1
29 29 29 1
29 29 29 1
25 25 15 2
25 25 15 2
25 25 15 2
41 3 3 2
41 3 3 2
41 3 3 2
41 3 3 2
41 3 3 2
1 1 1 2
1 1 1 2
1 1 1 2
1 1 1 2
1 1 1 2
24 1 1 2
24 1 1 2
24 1 1 2
24 1 1 2
7 7 7 4
7 7 7 4
7 7 7 4
16 16 16 4
16 16 16 4
16 16 16 4
16 16 16 4
33 33 33 4
33 33 33 4
30 30 30 1
30 30 30 1
30 30 30 1
17 17 17 1
17 17 17 1
17 17 17 1
28 28 28 1
28 28 28 1
28 28 28 1
28 28 28 1
28 28 28 1
46 10 10 1
29 29 29 1
29 29 29 1
25 25 15 2
25 25 15 2
25 25 15 2
25 25 15 2
41 3 3 2
41 3 3 2
41 3 3 2
41 3 3 2
14 14 25 2
1 1 1 2
1 1 1 2
1 1 1 2
24 1 1 2
24 1 1 2
24 1 1 2
24 1 1 2
24 1 1 2
7 7 7 4
7 7 7 4
7 7 7 4
7 7 7 4
16 16 16 4
33 33 33 4
33 33 33 4
33 33 33 4
33 33 33 4
30 30 30 1
30 30 30 1
30 30 30 1
30 30 30 1
30 30 30 1
30 30 30 1
28 28 28 1
28 28 28 1
28 28 28 1
28 28 28 1
28 28 28 1
29 29 29 1
29 29 29 1
29 29 29 1
25 25 15 2
25 25 15 2
25 25 15 2
25 25 15 2
41 3 3 2
41 3 3 2
41 3 3 2
14 14 25 2
14 14 25 2
14 14 25 2
1 1 1 2
1 1 1 2
24 1 1 2
24 1 1 2
24 1 1 2
24 1 1 2
35 23 23 4
7 7 7 4
7 7 7 4
7 7 7 4
7 7 7 4
16 16 16 4
16 16 16 4
16 16 16 4
8 8 8 4
8 8 8 4
30 30 30 1
30 30 30 1
30 30 30 1
30 30 30 1
30 30 30 1
30 30 30 1
30 30 30 1
28 28 28 1
28 28 28 1
28 28 28 1
29 29 29 1
29 29 29 1
29 29 29 1
29 29 29 1
25 25 15 2
25 25 15 2
25 25 15 2
25 25 15 2
41 3 3 2
41 3 3 2
26 26 26 0
14 14 25 2
14 14 25 2
14 14 25 2
14 14 25 2
1 1 1 2
32 32 32 4
24 1 1 2
24 1 1 2
35 23 23 4
35 23 23 4
7 7 7 4
7 7 7 4
7 7 7 4
7 7 7 4
16 16 16 4
16 16 16 4
16 16 16 4
8 8 8 4
8 8 8 4
30 30 30 1
30 30 30 1
30 30 30 1
30 30 30 1
30 30 30 1
30 30 30 1
34 34 34 2
34 34 34 2
9 9 9 2
9 9 9 2
29 29 29 1
29 29 29 1
29 29 29 1
29 29 29 1
25 25 15 2
25 25 15 2
25 25 15 2
25 25 15 2
25 25 15 2
41 3 3 2
26 26 26 0
14 14 25 2
14 14 25 2
14 14 25 2
14 14 25 2
14 14 25 2
32 32 32 4
32 32 32 4
32 32 32 4
35 23 23 4
35 23 23 4
35 23 23 4
7 7 7 4
7 7 7 4
7 7 7 4
16 16 16 4
16 16 16 4
8 8 8 4
8 8 8 4
8 8 8 4
8 8 8 4
30 30 30 1
30 30 30 1
30 30 30 1
30 30 30 1
38 34 34 2
34 34 34 2
34 34 34 2
9 9 9 2
9 9 9 2
29 29 29 1
29 29 29 1
29 29 29 1
19 19 19 2
25 25 15 2
25 25 15 2
15 15 15 2
15 15 15 2
15 15 15 2
15 15 15 2
26 26 26 0
14 14 25 2
14 14 25 2
14 14 25 2
14 14 25 2
32 32 32 4
32 32 32 4
32 32 32 4
32 32 32 4
35 23 23 4
35 23 23 4
35 23 23 4
23 23 23 4
23 23 23 4
23 23 23 4
16 16 16 4
16 16 16 4
8 8 8 4
8 8 8 4
8 8 8 4
8 8 8 4
30 30 30 1
30 30 30 1
30 30 30 1
38 34 34 2
38 34 34 2
34 34 34 2
34 34 34 2
9 9 9 2
9 9 9 2
9 9 9 2
29 29 29 1
29 29 29 1
19 19 19 2
25 25 15 2
25 25 15 2
25 25 15 2
25 25 15 2
26 26 26 0
26 26 26 0
26 26 26 0
14 14 25 2
14 14 25 2
14 14 25 2
14 14 25 2
14 14 25 2
32 32 32 4
32 32 32 4
32 32 32 4
35 23 23 4
35 23 23 4
35 23 23 4
23 23 23 4
23 23 23 4
23 23 23 4
23 23 23 4
23 23 23 4
8 8 8 4
8 8 8 4
8 8 8 4
8 8 8 4
8 8 8 4
30 30 30 1
38 34 34 2
38 34 34 2
38 34 34 2
34 34 34 2
34 34 34 2
9 9 9 2
9 9 9 2
9 9 9 2
19 19 19 2
19 19 19 2
19 19 19 2
19 19 19 2
25 25 15 2
25 25 15 2
25 25 15 2
26 26 26 0
26 26 26 0
26 26 26 0
26 26 26 0
14 14 25 2
14 14 25 2
4 4 38 3
4 4 38 3
32 32 32 4
32 32 32 4
32 32 32 4
35 23 23 4
35 23 23 4
35 23 23 4
23 23 23 4
23 23 23 4
23 23 23 4
23 23 23 4
23 23 23 4
8 8 8 4
8 8 8 4
8 8 8 4
8 8 8 4
8 8 8 4
8 8 8 4
38 34 34 2
38 34 34 2
38 34 34 2
34 34 34 2
34 34 34 2
9 9 9 2
9 9 9 2
9 9 9 2
19 19 19 2
19 19 19 2
19 19 19 2
19 19 19 2
25 25 15 2
25 25 15 2
25 25 15 2
26 26 26 0
26 26 26 0
26 26 26 0
26 26 26 0
26 26 26 0
14 14 25 2
4 4 38 3
4 4 38 3
32 32 32 4
32 32 32 4
13 13 13 4
13 13 13 4
13 13 13 4
13 13 13 4
23 23 23 4
23 23 23 4
23 23 23 4
23 23 23 4
8 8 8 4
8 8 8 4
8 8 8 4
8 8 8 4
8 8 8 4
8 8 8 4
38 34 34 2
38 34 34 2
38 34 34 2
38 34 34 2
34 34 34 2
34 34 34 2
9 9 9 2
9 9 9 2
9 9 9 2
19 19 19 2
19 19 19 2
19 19 19 2
19 19 19 2
25 25 15 2
25 25 15 2
25 25 15 2
26 26 26 0
26 26 26 0
26 26 26 0
26 26 26 0
26 26 26 0
4 4 38 3
4 4 38 3
4 4 38 3
4 4 38 3
13 13 13 4
13 13 13 4
13 13 13 4
13 13 13 4
13 13 13 4
13 13 13 4
23 23 23 4
23 23 23 4
23 23 23 4
39 8 8 4
39 8 8 4
39 8 8 4
8 8 8 4
8 8 8 4
8 8 8 4
8 8 8 4
38 34 34 2
38 34 34 2
38 34 34 2
34 34 34 2
34 34 34 2
9 9 9 2
9 9 9 2
9 9 9 2
19 19 19 2
19 19 19 2
19 19 19 2
19 19 19 2
18 18 18 0
18 18 18 0
18 18 18 0
26 26 26 0
26 26 26 0
26 26 26 0
26 26 26 0
26 26 26 0
4 4 38 3
4 4 38 3
4 4 38 3
4 4 38 3
4 4 38 3
13 13 13 4
13 13 13 4
13 13 13 4
13 13 13 4
13 13 13 4
23 23 23 4
23 23 23 4
23 23 23 4
8 8 8 4
8 8 8 4
8 8 8 4
8 8 8 4
8 8 8 4
8 8 8 4
8 8 8 4
38 34 34 2
38 34 34 2
38 34 34 2
34 34 34 2
34 34 34 2
9 9 9 2
9 9 9 2
9 9 9 2
19 19 19 2
19 19 19 2
19 19 19 2
19 19 19 2
18 18 18 0
18 18 18 0
18 18 18 0
26 26 26 0
26 26 26 0
26 26 26 0
26 26 26 0
26 26 26 0
4 4 38 3
4 4 38 3
4 4 38 3
4 4 38 3
4 4 38 3
13 13 13 4
13 13 13 4
13 13 13 4
13 13 13 4
13 13 13 4
23 23 23 4
23 23 23 4
23 23 23 4
8 8 8 4
8 8 8 4
8 8 8 4
8 8 8 4
8 8 8 4
