36 36 36 0
36 36 36 0
42 42 20 2
42 42 20 2
42 42 20 2
42 42 20 2
44 20 4 4
44 20 4 4
20 20 4 4
31 21 21 4
31 21 21 4
27 37 2 4
27 37 2 4
27 37 2 4
27 37 2 4
27 37 2 4
27 37 2 4
27 37 2 4
5 5 5 1
5 5 5 1
5 5 5 1
5 5 5 1
5 5 5 1
5 5 5 1
45 6 6 0
45 6 6 0
45 6 6 0
45 6 6 0
45 6 6 0
45 6 6 0
45 6 6 0
22 22 22 2
22 22 22 2
22 22 22 2
22 22 22 2
36 36 36 0
36 36 36 0
36 36 36 0
36 36 36 0
36 36 36 0
12 12 12 2
12 12 12 2
42 42 20 2
42 42 20 2
42 42 20 2
42 42 20 2
44 20 4 4
44 20 4 4
20 20 4 4
31 21 21 4
50 21 21 4
50 21 21 4
27 37 2 4
27 37 2 4
37 37 2 4
37 37 2 4
37 37 2 4
37 37 2 4
5 5 5 1
5 5 5 1
5 5 5 1
5 5 5 1
5 5 5 1
5 5 5 1
45 6 6 0
45 6 6 0
45 6 6 0
45 6 6 0
45 6 6 0
45 6 6 0
45 6 6 0
22 22 22 2
22 22 22 2
22 22 22 2
22 22 22 2
22 22 22 2
0 0 0 2
0 0 0 2
0 0 0 2
12 12 12 2
12 12 12 2
12 12 12 2
42 42 20 2
42 42 20 2
42 42 20 2
42 42 20 2
44 20 4 4
44 20 4 4
20 20 4 4
31 21 21 4
31 21 21 4
31 21 21 4
27 37 2 4
27 37 2 4
37 37 2 4
37 37 2 4
37 37 2 4
37 37 2 4
5 5 5 1
5 5 5 1
5 5 5 1
5 5 5 1
5 5 5 1
5 5 5 1
5 5 5 1
45 6 6 0
45 6 6 0
45 6 6 0
45 6 6 0
45 6 6 0
45 6 6 0
22 22 22 2
22 22 22 2
22 22 22 2
22 22 22 2
22 22 22 2
0 0 0 2
0 0 0 2
0 0 0 2
12 12 12 2
12 12 12 2
12 12 12 2
42 42 20 2
42 42 20 2
42 42 20 2
42 42 20 2
44 20 4 4
44 20 4 4
20 20 4 4
3 21 21 4
3 21 21 4
3 21 21 4
27 37 2 4
27 37 2 4
37 37 2 4
37 37 2 4
37 37 2 4
37 37 2 4
11 11 11 1
5 5 5 1
5 5 5 1
5 5 5 1
5 5 5 1
5 5 5 1
49 6 6 0
49 6 6 0
49 6 6 0
49 6 6 0
49 6 6 0
49 6 6 0
49 6 6 0
22 22 22 2
22 22 22 2
22 22 22 2
22 22 22 2
22 22 22 2
0 0 0 2
0 0 0 2
21 12 12 2
12 12 12 2
12 12 12 2
12 12 12 2
42 42 20 2
42 42 20 2
42 42 20 2
42 42 20 2
44 20 4 4
44 20 4 4
20 20 4 4
3 21 21 4
3 21 21 4
47 37 2 4
47 37 2 4
47 37 2 4
37 37 2 4
2 2 2 4
2 2 2 4
2 2 2 4
11 11 11 1
11 11 11 1
5 5 5 1
5 5 5 1
5 5 5 1
5 5 5 1
10 24 24 0
10 24 24 0
49 6 6 0
49 6 6 0
49 6 6 0
49 6 6 0
49 6 6 0
40 16 16 2
40 16 16 2
40 16 16 2
22 22 22 2
22 22 22 2
21 12 12 2
21 12 12 2
21 12 12 2
12 12 12 2
12 12 12 2
43 43 20 2
43 43 20 2
43 43 20 2
42 42 20 2
42 42 20 2
44 20 4 4
44 20 4 4
20 20 4 4
3 21 21 4
3 21 21 4
3 21 21 4
47 37 2 4
47 37 2 4
37 37 2 4
2 2 2 4
2 2 2 4
11 11 11 1
11 11 11 1
11 11 11 1
5 5 5 1
5 5 5 1
5 5 5 1
10 24 24 0
10 24 24 0
10 24 24 0
6 24 24 0
49 6 6 0
49 6 6 0
49 6 6 0
49 6 6 0
40 16 16 2
40 16 16 2
40 16 16 2
48 31 0 2
48 31 0 2
48 31 0 2
21 12 12 2
21 12 12 2
12 12 12 2
43 43 20 2
43 43 20 2
43 43 20 2
43 43 20 2
43 43 20 2
43 43 20 2
44 20 4 4
44 20 4 4
20 20 4 4
3 21 21 4
3 21 21 4
3 21 21 4
47 37 2 4
47 37 2 4
2 2 2 4
2 2 2 4
2 2 2 4
11 11 11 1
11 11 11 1
11 11 11 1
11 11 11 1
5 5 5 1
10 24 24 0
10 24 24 0
10 24 24 0
10 24 24 0
6 24 24 0
49 6 6 0
49 6 6 0
49 6 6 0
40 16 16 2
40 16 16 2
40 16 16 2
40 16 16 2
48 31 0 2
48 31 0 2
48 31 0 2
21 12 12 2
21 12 12 2
12 12 12 2
43 43 20 2
43 43 20 2
43 43 20 2
43 43 20 2
43 43 20 2
43 43 20 2
44 20 4 4
44 20 4 4
20 20 4 4
3 21 21 4
3 21 21 4
3 21 21 4
47 37 2 4
47 37 2 4
2 2 2 4
2 2 2 4
2 2 2 4
11 11 11 1
11 11 11 1
11 11 11 1
11 11 11 1
11 11 11 1
10 24 24 0
10 24 24 0
10 24 24 0
10 24 24 0
6 24 24 0
6 24 24 0
6 24 24 0
35 13 13 2
40 16 16 2
40 16 16 2
40 16 16 2
40 16 16 2
16 16 16 2
16 16 16 2
16 16 16 2
21 12 12 2
21 12 12 2
12 12 12 2
17 17 17 2
17 17 17 2
17 17 17 2
43 43 20 2
43 43 20 2
43 43 20 2
44 20 4 4
44 20 4 4
20 20 4 4
3 21 21 4
3 21 21 4
3 21 21 4
47 37 2 4
47 37 2 4
2 2 2 4
2 2 2 4
2 2 2 4
11 11 11 1
11 11 11 1
11 11 11 1
11 11 11 1
11 11 11 1
10 24 24 0
10 24 24 0
10 24 24 0
10 24 24 0
6 24 24 0
6 24 24 0
6 24 24 0
35 13 13 2
40 16 16 2
40 16 16 2
40 16 16 2
40 16 16 2
16 16 16 2
16 16 16 2
16 16 16 2
16 16 16 2
21 12 12 2
12 12 12 2
17 17 17 2
17 17 17 2
17 17 17 2
17 17 17 2
17 17 17 2
17 17 17 2
44 20 4 4
44 20 4 4
28 28 28 3
46 10 10 3
46 10 10 3
46 10 10 3
47 37 2 4
47 37 2 4
2 2 2 4
2 2 2 4
2 2 2 4
41 3 3 1
11 11 11 1
11 11 11 1
11 11 11 1
11 11 11 1
1 1 1 0
1 1 1 0
1 1 1 0
10 24 24 0
6 24 24 0
6 24 24 0
6 24 24 0
35 13 13 2
35 13 13 2
40 16 16 2
40 16 16 2
40 16 16 2
16 16 16 2
16 16 16 2
16 16 16 2
16 16 16 2
21 12 12 2
17 17 17 2
17 17 17 2
17 17 17 2
17 17 17 2
17 17 17 2
17 17 17 2
17 17 17 2
28 28 28 3
28 28 28 3
28 28 28 3
46 10 10 3
46 10 10 3
46 10 10 3
46 10 10 3
47 37 2 4
25 25 15 4
2 2 2 4
41 3 3 1
41 3 3 1
11 11 11 1
11 11 11 1
11 11 11 1
1 1 1 0
1 1 1 0
1 1 1 0
1 1 1 0
10 24 24 0
6 24 24 0
6 24 24 0
6 24 24 0
35 13 13 2
35 13 13 2
40 16 16 2
40 16 16 2
40 16 16 2
16 16 16 2
16 16 16 2
33 33 33 2
33 33 33 2
33 33 33 2
17 17 17 2
17 17 17 2
17 17 17 2
17 17 17 2
17 17 17 2
17 17 17 2
28 28 28 3
28 28 28 3
28 28 28 3
28 28 28 3
28 28 28 3
28 28 28 3
28 28 28 3
25 25 15 4
25 25 15 4
25 25 15 4
2 2 2 4
41 3 3 1
41 3 3 1
41 3 3 1
41 3 3 1
41 3 3 1
1 1 1 0
1 1 1 0
1 1 1 0
1 1 1 0
1 1 1 0
24 1 1 0
24 1 1 0
24 1 1 0
35 13 13 2
35 13 13 2
40 16 16 2
40 16 16 2
40 16 16 2
16 16 16 2
16 16 16 2
33 33 33 2
33 33 33 2
33 33 33 2
17 17 17 2
30 30 30 3
30 30 30 3
17 17 17 2
17 17 17 2
17 17 17 2
28 28 28 3
28 28 28 3
28 28 28 3
28 28 28 3
28 28 28 3
28 28 28 3
28 28 28 3
25 25 15 4
25 25 15 4
25 25 15 4
41 3 3 1
41 3 3 1
41 3 3 1
41 3 3 1
41 3 3 1
41 3 3 1
1 1 1 0
1 1 1 0
1 1 1 0
1 1 1 0
1 1 1 0
24 1 1 0
24 1 1 0
24 1 1 0
35 13 13 2
35 13 13 2
40 16 16 2
40 16 16 2
40 16 16 2
16 16 16 2
33 33 33 2
33 33 33 2
33 33 33 2
33 33 33 2
33 33 33 2
30 30 30 3
30 30 30 3
17 17 17 2
17 17 17 2
17 17 17 2
28 28 28 3
28 28 28 3
28 28 28 3
28 28 28 3
28 28 28 3
28 28 28 3
28 28 28 3
25 25 15 4
25 25 15 4
25 25 15 4
25 25 15 4
41 3 3 1
41 3 3 1
41 3 3 1
41 3 3 1
41 3 3 1
1 1 1 0
1 1 1 0
1 1 1 0
1 1 1 0
24 1 1 0
24 1 1 0
24 1 1 0
24 1 1 0
35 13 13 2
35 13 13 2
7 7 7 2
7 7 7 2
7 7 7 2
16 16 16 2
33 33 33 2
33 33 33 2
33 33 33 2
33 33 33 2
33 33 33 2
30 30 30 3
30 30 30 3
30 30 30 3
30 30 30 3
30 30 30 3
28 28 28 3
28 28 28 3
28 28 28 3
28 28 28 3
28 28 28 3
28 28 28 3
28 28 28 3
25 25 15 4
25 25 15 4
25 25 15 4
25 25 15 4
15 15 15 4
41 3 3 1
41 3 3 1
41 3 3 1
41 3 3 1
14 14 25 1
14 14 25 1
1 1 1 0
1 1 1 0
24 1 1 0
24 1 1 0
24 1 1 0
35 13 13 2
35 13 13 2
7 7 7 2
7 7 7 2
7 7 7 2
7 7 7 2
16 16 16 2
33 33 33 2
33 33 33 2
33 33 33 2
33 33 33 2
30 30 30 3
30 30 30 3
30 30 30 3
30 30 30 3
30 30 30 3
30 30 30 3
34 34 34 3
28 28 28 3
28 28 28 3
28 28 28 3
28 28 28 3
29 29 29 3
29 29 29 3
29 29 29 3
25 25 15 4
25 25 15 4
25 25 15 4
15 15 15 4
41 3 3 1
41 3 3 1
41 3 3 1
14 14 25 1
14 14 25 1
14 14 25 1
14 14 25 1
1 1 1 0
32 32 32 0
32 32 32 0
32 32 32 0
35 13 13 2
35 13 13 2
35 13 13 2
35 13 13 2
7 7 7 2
7 7 7 2
7 7 7 2
33 33 33 2
33 33 33 2
33 33 33 2
30 30 30 3
30 30 30 3
30 30 30 3
30 30 30 3
30 30 30 3
30 30 30 3
34 34 34 3
34 34 34 3
34 34 34 3
28 28 28 3
28 28 28 3
28 28 28 3
28 28 28 3
25 25 15 4
25 25 15 4
25 25 15 4
25 25 15 4
25 25 15 4
15 15 15 4
15 15 15 4
15 15 15 4
15 15 15 4
14 14 25 1
14 14 25 1
14 14 25 1
14 14 25 1
32 32 32 0
32 32 32 0
32 32 32 0
32 32 32 0
35 13 13 2
35 13 13 2
35 13 13 2
35 13 13 2
7 7 7 2
7 7 7 2
7 7 7 2
33 33 33 2
33 33 33 2
33 33 33 2
8 8 8 2
30 30 30 3
30 30 30 3
30 30 30 3
30 30 30 3
30 30 30 3
38 34 34 3
34 34 34 3
34 34 34 3
9 9 9 3
9 9 9 3
9 9 9 3
9 9 9 3
25 25 15 4
25 25 15 4
25 25 15 4
25 25 15 4
15 15 15 4
15 15 15 4
15 15 15 4
15 15 15 4
14 14 25 1
14 14 25 1
14 14 25 1
14 14 25 1
14 14 25 1
32 32 32 0
32 32 32 0
32 32 32 0
32 32 32 0
35 13 13 2
35 13 13 2
35 13 13 2
35 13 13 2
23 23 23 2
23 23 23 2
23 23 23 2
33 33 33 2
33 33 33 2
39 8 8 2
8 8 8 2
8 8 8 2
30 30 30 3
30 30 30 3
30 30 30 3
38 34 34 3
38 34 34 3
34 34 34 3
34 34 34 3
9 9 9 3
9 9 9 3
9 9 9 3
9 9 9 3
9 9 9 3
19 19 19 3
19 19 19 3
25 25 15 4
15 15 15 4
15 15 15 4
15 15 15 4
15 15 15 4
26 26 26 2
14 14 25 1
14 14 25 1
14 14 25 1
14 14 25 1
32 32 32 0
32 32 32 0
32 32 32 0
32 32 32 0
35 13 13 2
35 13 13 2
35 13 13 2
23 23 23 2
23 23 23 2
23 23 23 2
23 23 23 2
23 23 23 2
39 8 8 2
39 8 8 2
8 8 8 2
8 8 8 2
8 8 8 2
30 30 30 3
38 34 34 3
38 34 34 3
38 34 34 3
34 34 34 3
34 34 34 3
9 9 9 3
9 9 9 3
9 9 9 3
9 9 9 3
9 9 9 3
19 19 19 3
19 19 19 3
25 25 15 4
18 18 18 3
15 15 15 4
15 15 15 4
15 15 15 4
26 26 26 2
26 26 26 2
14 14 25 1
14 14 25 1
4 4 38 2
32 32 32 0
32 32 32 0
32 32 32 0
32 32 32 0
35 13 13 2
35 13 13 2
35 13 13 2
35 13 13 2
23 23 23 2
23 23 23 2
23 23 23 2
39 8 8 2
39 8 8 2
39 8 8 2
8 8 8 2
8 8 8 2
8 8 8 2
8 8 8 2
38 34 34 3
38 34 34 3
38 34 34 3
34 34 34 3
34 34 34 3
9 9 9 3
9 9 9 3
9 9 9 3
9 9 9 3
19 19 19 3
19 19 19 3
19 19 19 3
25 25 15 4
18 18 18 3
15 15 15 4
15 15 15 4
26 26 26 2
26 26 26 2
26 26 26 2
14 14 25 1
14 14 25 1
4 4 38 2
4 4 38 2
32 32 32 0
32 32 32 0
13 13 13 2
13 13 13 2
13 13 13 2
13 13 13 2
13 13 13 2
23 23 23 2
23 23 23 2
23 23 23 2
39 8 8 2
39 8 8 2
39 8 8 2
8 8 8 2
8 8 8 2
8 8 8 2
38 34 34 3
38 34 34 3
38 34 34 3
38 34 34 3
34 34 34 3
34 34 34 3
9 9 9 3
9 9 9 3
9 9 9 3
9 9 9 3
9 9 9 3
19 19 19 3
19 19 19 3
18 18 18 3
18 18 18 3
18 18 18 3
18 18 18 3
26 26 26 2
26 26 26 2
26 26 26 2
4 4 38 2
4 4 38 2
4 4 38 2
4 4 38 2
4 4 38 2
32 32 32 0
13 13 13 2
13 13 13 2
13 13 13 2
13 13 13 2
13 13 13 2
23 23 23 2
23 23 23 2
23 23 23 2
39 8 8 2
39 8 8 2
39 8 8 2
8 8 8 2
8 8 8 2
8 8 8 2
38 34 34 3
38 34 34 3
38 34 34 3
38 34 34 3
34 34 34 3
34 34 34 3
9 9 9 3
9 9 9 3
9 9 9 3
9 9 9 3
9 9 9 3
19 19 19 3
19 19 19 3
18 18 18 3
18 18 18 3
18 18 18 3
18 18 18 3
26 26 26 2
26 26 26 2
26 26 26 2
4 4 38 2
4 4 38 2
4 4 38 2
4 4 38 2
4 4 38 2
32 32 32 0
13 13 13 2
13 13 13 2
13 13 13 2
13 13 13 2
13 13 13 2
23 23 23 2
23 23 23 2
23 23 23 2
39 8 8 2
39 8 8 2
39 8 8 2
8 8 8 2
8 8 8 2
8 8 8 2
38 34 34 3
38 34 34 3
38 34 34 3
38 34 34 3
34 34 34 3
34 34 34 3
9 9 9 3
9 9 9 3
9 9 9 3
9 9 9 3
9 9 9 3
19 19 19 3
19 19 19 3
18 18 18 3
18 18 18 3
18 18 18 3
18 18 18 3
26 26 26 2
26 26 26 2
26 26 26 2
4 4 38 2
4 4 38 2
4 4 38 2
4 4 38 2
4 4 38 2
13 13 13 2
13 13 13 2
13 13 13 2
13 13 13 2
13 13 13 2
13 13 13 2
23 23 23 2
23 23 23 2
23 23 23 2
39 8 8 2
39 8 8 2
39 8 8 2
8 8 8 2
8 8 8 2
