36 36 36 3
12 12 12 4
42 42 20 0
42 42 20 0
42 42 20 0
42 42 20 0
20 20 21 0
20 20 21 0
20 20 21 0
31 21 21 0
50 21 21 0
50 21 21 0
27 27 27 0
27 27 27 0
27 27 27 0
27 27 27 0
27 27 27 0
27 27 27 0
5 5 5 4
5 5 5 4
5 5 5 4
5 5 5 4
5 5 5 4
5 5 5 4
10 24 24 4
10 24 24 4
45 6 6 4
45 6 6 4
45 6 6 4
45 6 6 4
45 6 6 4
45 6 6 4
22 22 22 4
22 22 22 4
22 22 22 4
36 36 36 3
36 36 36 3
36 36 36 3
36 36 36 3
36 36 36 3
12 12 12 4
12 12 12 4
42 42 20 0
42 42 20 0
42 42 20 0
42 42 20 0
20 20 21 0
20 20 21 0
20 20 21 0
31 21 21 0
50 21 21 0
50 21 21 0
27 27 27 0
27 27 27 0
37 37 37 0
37 37 37 0
37 37 37 0
37 37 37 0
5 5 5 4
5 5 5 4
5 5 5 4
5 5 5 4
5 5 5 4
5 5 5 4
10 24 24 4
10 24 24 4
45 6 6 4
45 6 6 4
45 6 6 4
45 6 6 4
45 6 6 4
22 22 22 4
22 22 22 4
22 22 22 4
22 22 22 4
22 22 22 4
0 0 0 4
0 0 0 4
36 36 36 3
12 12 12 4
12 12 12 4
12 12 12 4
42 42 20 0
42 42 20 0
42 42 20 0
42 42 20 0
20 20 21 0
20 20 21 0
20 20 21 0
31 21 21 0
50 21 21 0
50 21 21 0
47 37 37 0
27 27 27 0
37 37 37 0
37 37 37 0
37 37 37 0
37 37 37 0
5 5 5 4
5 5 5 4
5 5 5 4
5 5 5 4
5 5 5 4
5 5 5 4
10 24 24 4
45 6 6 4
45 6 6 4
45 6 6 4
45 6 6 4
45 6 6 4
45 6 6 4
22 22 22 4
22 22 22 4
22 22 22 4
22 22 22 4
22 22 22 4
0 0 0 4
0 0 0 4
0 0 0 4
12 12 12 4
12 12 12 4
12 12 12 4
43 42 20 0
43 42 20 0
42 42 20 0
42 42 20 0
20 20 21 0
20 20 21 0
20 20 21 0
3 21 21 0
50 21 21 0
47 37 37 0
47 37 37 0
37 37 37 0
37 37 37 0
37 37 37 0
37 37 37 0
37 37 37 0
11 11 11 2
5 5 5 4
5 5 5 4
5 5 5 4
5 5 5 4
5 5 5 4
10 24 24 4
49 40 7 4
49 40 7 4
49 40 7 4
49 40 7 4
49 40 7 4
49 40 7 4
22 22 22 4
22 22 22 4
22 22 22 4
22 22 22 4
22 22 22 4
0 0 0 4
0 0 0 4
21 12 12 4
12 12 12 4
12 12 12 4
12 12 12 4
43 42 20 0
43 42 20 0
42 42 20 0
42 42 20 0
42 42 20 0
20 20 21 0
20 20 21 0
3 21 21 0
3 21 21 0
47 37 37 0
47 37 37 0
47 37 37 0
37 37 37 0
2 2 2 2
2 2 2 2
11 11 11 2
11 11 11 2
5 5 5 4
5 5 5 4
5 5 5 4
5 5 5 4
5 5 5 4
10 24 24 4
10 24 24 4
49 40 7 4
49 40 7 4
49 40 7 4
49 40 7 4
49 40 7 4
22 22 22 4
22 22 22 4
22 22 22 4
48 31 31 4
48 31 31 4
21 12 12 4
21 12 12 4
21 12 12 4
12 12 12 4
12 12 12 4
43 42 20 0
43 42 20 0
43 42 20 0
42 42 20 0
42 42 20 0
44 20 21 0
44 20 21 0
20 20 21 0
3 21 21 0
3 21 21 0
47 37 37 0
47 37 37 0
47 37 37 0
37 37 37 0
2 2 2 2
2 2 2 2
11 11 11 2
11 11 11 2
11 11 11 2
5 5 5 4
5 5 5 4
5 5 5 4
10 24 24 4
10 24 24 4
10 24 24 4
49 40 7 4
49 40 7 4
49 40 7 4
49 40 7 4
49 40 7 4
48 31 31 4
48 31 31 4
48 31 31 4
48 31 31 4
48 31 31 4
48 31 31 4
21 12 12 4
21 12 12 4
12 12 12 4
43 42 20 0
43 42 20 0
43 42 20 0
43 42 20 0
42 42 20 0
42 42 20 0
20 20 21 0
20 20 21 0
20 20 21 0
3 21 21 0
46 10 10 2
47 37 37 0
47 37 37 0
2 2 2 2
2 2 2 2
2 2 2 2
2 2 2 2
11 11 11 2
11 11 11 2
11 11 11 2
11 11 11 2
5 5 5 4
5 5 5 4
10 24 24 4
10 24 24 4
10 24 24 4
10 24 24 4
49 40 7 4
49 40 7 4
49 40 7 4
40 16 16 4
40 16 16 4
40 16 16 4
40 16 16 4
48 31 31 4
48 31 31 4
48 31 31 4
21 12 12 4
21 12 12 4
12 12 12 4
43 42 20 0
43 42 20 0
43 42 20 0
43 42 20 0
42 42 20 0
42 42 20 0
20 20 21 0
20 20 21 0
20 20 21 0
3 21 21 0
46 10 10 2
46 10 10 2
47 37 37 0
2 2 2 2
2 2 2 2
2 2 2 2
2 2 2 2
11 11 11 2
11 11 11 2
11 11 11 2
11 11 11 2
11 11 11 2
10 24 24 4
10 24 24 4
10 24 24 4
10 24 24 4
10 24 24 4
10 24 24 4
49 40 7 4
49 40 7 4
40 16 16 4
40 16 16 4
40 16 16 4
40 16 16 4
40 16 16 4
40 16 16 4
40 16 16 4
21 12 12 4
21 12 12 4
12 12 12 4
17 17 17 0
17 17 17 0
17 17 17 0
43 42 20 0
42 42 20 0
42 42 20 0
20 20 21 0
20 20 21 0
20 20 21 0
46 10 10 2
46 10 10 2
46 10 10 2
47 37 37 0
2 2 2 2
2 2 2 2
2 2 2 2
2 2 2 2
11 11 11 2
11 11 11 2
11 11 11 2
11 11 11 2
11 11 11 2
1 1 1 4
1 1 1 4
1 1 1 4
6 24 24 4
6 24 24 4
6 24 24 4
6 24 24 4
6 24 24 4
40 16 16 4
40 16 16 4
40 16 16 4
40 16 16 4
16 16 16 4
16 16 16 4
16 16 16 4
16 16 16 4
21 12 12 4
12 12 12 4
17 17 17 0
17 17 17 0
17 17 17 0
43 42 20 0
42 42 20 0
42 42 20 0
28 28 28 2
28 28 28 2
28 28 28 2
46 10 10 2
46 10 10 2
46 10 10 2
46 10 10 2
46 10 10 2
2 2 2 2
2 2 2 2
2 2 2 2
41 3 3 2
11 11 11 2
11 11 11 2
11 11 11 2
1 1 1 4
1 1 1 4
1 1 1 4
1 1 1 4
1 1 1 4
1 1 1 4
6 24 24 4
6 24 24 4
35 13 13 4
40 16 16 4
16 16 16 4
16 16 16 4
16 16 16 4
16 16 16 4
16 16 16 4
16 16 16 4
16 16 16 4
16 16 16 4
17 17 17 0
17 17 17 0
17 17 17 0
17 17 17 0
17 17 17 0
42 42 20 0
42 42 20 0
28 28 28 2
28 28 28 2
28 28 28 2
46 10 10 2
46 10 10 2
46 10 10 2
46 10 10 2
46 10 10 2
46 10 10 2
2 2 2 2
41 3 3 2
41 3 3 2
11 11 11 2
11 11 11 2
11 11 11 2
1 1 1 4
1 1 1 4
1 1 1 4
1 1 1 4
1 1 1 4
1 1 1 4
6 24 24 4
6 24 24 4
35 13 13 4
35 13 13 4
7 7 7 4
7 7 7 4
16 16 16 4
16 16 16 4
16 16 16 4
33 33 33 1
33 33 33 1
17 17 17 0
17 17 17 0
17 17 17 0
17 17 17 0
17 17 17 0
17 17 17 0
42 42 20 0
42 42 20 0
28 28 28 2
28 28 28 2
28 28 28 2
28 28 28 2
46 10 10 2
46 10 10 2
46 10 10 2
46 10 10 2
41 3 3 2
41 3 3 2
41 3 3 2
41 3 3 2
41 3 3 2
41 3 3 2
41 3 3 2
1 1 1 4
1 1 1 4
1 1 1 4
1 1 1 4
1 1 1 4
1 1 1 4
1 1 1 4
24 1 1 4
35 13 13 4
7 7 7 4
7 7 7 4
7 7 7 4
16 16 16 4
16 16 16 4
16 16 16 4
33 33 33 1
33 33 33 1
33 33 33 1
17 17 17 0
30 30 30 0
30 30 30 0
17 17 17 0
17 17 17 0
42 42 20 0
28 28 28 2
28 28 28 2
28 28 28 2
28 28 28 2
28 28 28 2
46 10 10 2
29 29 29 2
29 29 29 2
29 29 29 2
41 3 3 2
41 3 3 2
41 3 3 2
41 3 3 2
41 3 3 2
41 3 3 2
41 3 3 2
1 1 1 4
1 1 1 4
1 1 1 4
1 1 1 4
1 1 1 4
1 1 1 4
1 1 1 4
24 1 1 4
35 13 13 4
7 7 7 4
7 7 7 4
7 7 7 4
7 7 7 4
16 16 16 4
33 33 33 1
33 33 33 1
33 33 33 1
33 33 33 1
33 33 33 1
30 30 30 0
30 30 30 0
17 17 17 0
17 17 17 0
38 34 34 2
28 28 28 2
28 28 28 2
28 28 28 2
28 28 28 2
28 28 28 2
46 10 10 2
29 29 29 2
29 29 29 2
29 29 29 2
25 25 15 2
41 3 3 2
41 3 3 2
41 3 3 2
41 3 3 2
41 3 3 2
41 3 3 2
14 14 25 2
14 14 25 2
1 1 1 4
1 1 1 4
24 1 1 4
24 1 1 4
24 1 1 4
24 1 1 4
35 13 13 4
7 7 7 4
7 7 7 4
7 7 7 4
7 7 7 4
33 33 33 1
33 33 33 1
33 33 33 1
33 33 33 1
33 33 33 1
33 33 33 1
30 30 30 0
30 30 30 0
30 30 30 0
30 30 30 0
38 34 34 2
38 34 34 2
28 28 28 2
28 28 28 2
28 28 28 2
28 28 28 2
29 29 29 2
29 29 29 2
29 29 29 2
25 25 15 2
25 25 15 2
25 25 15 2
15 15 15 2
41 3 3 2
41 3 3 2
41 3 3 2
14 14 25 2
14 14 25 2
14 14 25 2
1 1 1 4
1 1 1 4
1 1 1 4
1 1 1 4
35 13 13 4
35 13 13 4
35 13 13 4
7 7 7 4
7 7 7 4
7 7 7 4
7 7 7 4
7 7 7 4
33 33 33 1
33 33 33 1
33 33 33 1
33 33 33 1
30 30 30 0
30 30 30 0
30 30 30 0
30 30 30 0
30 30 30 0
38 34 34 2
38 34 34 2
28 28 28 2
28 28 28 2
28 28 28 2
28 28 28 2
29 29 29 2
29 29 29 2
29 29 29 2
25 25 15 2
25 25 15 2
25 25 15 2
15 15 15 2
41 3 3 2
41 3 3 2
14 14 25 2
14 14 25 2
14 14 25 2
14 14 25 2
14 14 25 2
1 1 1 4
1 1 1 4
1 1 1 4
35 13 13 4
35 13 13 4
35 13 13 4
35 13 13 4
7 7 7 4
7 7 7 4
7 7 7 4
7 7 7 4
33 33 33 1
33 33 33 1
33 33 33 1
30 30 30 0
30 30 30 0
30 30 30 0
30 30 30 0
30 30 30 0
30 30 30 0
38 34 34 2
38 34 34 2
9 9 9 2
9 9 9 2
9 9 9 2
9 9 9 2
29 29 29 2
29 29 29 2
29 29 29 2
25 25 15 2
25 25 15 2
25 25 15 2
15 15 15 2
15 15 15 2
15 15 15 2
14 14 25 2
14 14 25 2
14 14 25 2
14 14 25 2
14 14 25 2
1 1 1 4
1 1 1 4
1 1 1 4
35 13 13 4
35 13 13 4
35 13 13 4
35 13 13 4
23 23 23 4
23 23 23 4
23 23 23 4
23 23 23 4
33 33 33 1
33 33 33 1
33 33 33 1
8 8 8 1
30 30 30 0
30 30 30 0
30 30 30 0
30 30 30 0
38 34 34 2
38 34 34 2
38 34 34 2
9 9 9 2
9 9 9 2
9 9 9 2
9 9 9 2
29 29 29 2
29 29 29 2
19 19 19 2
25 25 15 2
25 25 15 2
15 15 15 2
15 15 15 2
15 15 15 2
15 15 15 2
15 15 15 2
14 14 25 2
14 14 25 2
14 14 25 2
14 14 25 2
1 1 1 4
32 32 32 2
32 32 32 2
32 32 32 2
35 13 13 4
35 13 13 4
35 13 13 4
23 23 23 4
23 23 23 4
23 23 23 4
23 23 23 4
23 23 23 4
33 33 33 1
39 8 8 1
8 8 8 1
30 30 30 0
30 30 30 0
30 30 30 0
30 30 30 0
38 34 34 2
38 34 34 2
38 34 34 2
9 9 9 2
9 9 9 2
9 9 9 2
9 9 9 2
29 29 29 2
29 29 29 2
19 19 19 2
19 19 19 2
25 25 15 2
15 15 15 2
15 15 15 2
15 15 15 2
15 15 15 2
26 26 26 2
14 14 25 2
14 14 25 2
14 14 25 2
14 14 25 2
1 1 1 4
1 1 1 4
35 13 13 4
35 13 13 4
35 13 13 4
35 13 13 4
35 13 13 4
23 23 23 4
23 23 23 4
23 23 23 4
23 23 23 4
23 23 23 4
39 8 8 1
39 8 8 1
8 8 8 1
8 8 8 1
8 8 8 1
30 30 30 0
38 34 34 2
38 34 34 2
38 34 34 2
38 34 34 2
9 9 9 2
9 9 9 2
9 9 9 2
9 9 9 2
9 9 9 2
19 19 19 2
19 19 19 2
19 19 19 2
25 25 15 2
18 18 18 2
15 15 15 2
15 15 15 2
26 26 26 2
26 26 26 2
14 14 25 2
14 14 25 2
14 14 25 2
4 4 38 2
4 4 38 2
4 4 38 2
35 13 13 4
35 13 13 4
35 13 13 4
35 13 13 4
35 13 13 4
23 23 23 4
23 23 23 4
23 23 23 4
23 23 23 4
39 8 8 1
39 8 8 1
39 8 8 1
8 8 8 1
8 8 8 1
8 8 8 1
8 8 8 1
38 34 34 2
38 34 34 2
38 34 34 2
34 34 34 2
34 34 34 2
9 9 9 2
9 9 9 2
9 9 9 2
9 9 9 2
19 19 19 2
19 19 19 2
19 19 19 2
19 19 19 2
18 18 18 2
15 15 15 2
15 15 15 2
26 26 26 2
26 26 26 2
26 26 26 2
14 14 25 2
14 14 25 2
4 4 38 2
4 4 38 2
4 4 38 2
13 13 13 4
13 13 13 4
13 13 13 4
13 13 13 4
13 13 13 4
23 23 23 4
23 23 23 4
23 23 23 4
23 23 23 4
39 8 8 1
39 8 8 1
39 8 8 1
8 8 8 1
8 8 8 1
8 8 8 1
38 34 34 2
38 34 34 2
38 34 34 2
38 34 34 2
38 34 34 2
38 34 34 2
9 9 9 2
9 9 9 2
9 9 9 2
9 9 9 2
19 19 19 2
19 19 19 2
19 19 19 2
18 18 18 2
18 18 18 2
18 18 18 2
26 26 26 2
26 26 26 2
26 26 26 2
26 26 26 2
4 4 38 2
4 4 38 2
4 4 38 2
4 4 38 2
4 4 38 2
13 13 13 4
13 13 13 4
13 13 13 4
13 13 13 4
13 13 13 4
13 13 13 4
23 23 23 4
23 23 23 4
39 8 8 1
39 8 8 1
39 8 8 1
39 8 8 1
8 8 8 1
8 8 8 1
8 8 8 1
38 34 34 2
38 34 34 2
38 34 34 2
38 34 34 2
38 34 34 2
38 34 34 2
9 9 9 2
9 9 9 2
9 9 9 2
9 9 9 2
19 19 19 2
19 19 19 2
18 18 18 2
18 18 18 2
18 18 18 2
18 18 18 2
26 26 26 2
26 26 26 2
26 26 26 2
26 26 26 2
4 4 38 2
4 4 38 2
4 4 38 2
4 4 38 2
4 4 38 2
4 4 38 2
13 13 13 4
13 13 13 4
13 13 13 4
13 13 13 4
13 13 13 4
23 23 23 4
23 23 23 4
39 8 8 1
39 8 8 1
39 8 8 1
39 8 8 1
8 8 8 1
8 8 8 1
8 8 8 1
38 34 34 2
38 34 34 2
38 34 34 2
38 34 34 2
38 34 34 2
38 34 34 2
9 9 9 2
9 9 9 2
9 9 9 2
9 9 9 2
19 19 19 2
19 19 19 2
18 18 18 2
18 18 18 2
18 18 18 2
18 18 18 2
26 26 26 2
26 26 26 2
26 26 26 2
26 26 26 2
4 4 38 2
4 4 38 2
4 4 38 2
4 4 38 2
4 4 38 2
4 4 38 2
13 13 13 4
13 13 13 4
13 13 13 4
13 13 13 4
13 13 13 4
23 23 23 4
23 23 23 4
39 8 8 1
39 8 8 1
39 8 8 1
39 8 8 1
8 8 8 1
8 8 8 1
