12 12 12 4
12 12 12 4
42 42 20 4
42 42 20 4
42 42 20 4
42 42 20 4
42 42 20 4
44 20 4 4
31 21 21 3
31 21 21 3
50 21 21 3
50 21 21 3
27 27 27 3
27 27 27 3
27 27 27 3
27 27 27 3
27 27 27 3
27 27 27 3
11 11 11 0
5 5 5 2
5 5 5 2
5 5 5 2
10 24 24 0
10 24 24 0
10 24 24 0
45 6 6 2
45 6 6 2
45 6 6 2
45 6 6 2
45 6 6 2
45 6 6 2
45 6 6 2
22 22 22 0
22 22 22 0
22 22 22 0
36 36 36 4
36 36 36 4
36 36 36 4
36 36 36 4
12 12 12 4
12 12 12 4
12 12 12 4
42 42 20 4
42 42 20 4
42 42 20 4
42 42 20 4
42 42 20 4
44 20 4 4
31 21 21 3
31 21 21 3
50 21 21 3
50 21 21 3
27 27 27 3
27 27 27 3
37 37 37 4
37 37 37 4
37 37 37 4
11 11 11 0
11 11 11 0
5 5 5 2
5 5 5 2
5 5 5 2
10 24 24 0
10 24 24 0
10 24 24 0
45 6 6 2
45 6 6 2
45 6 6 2
45 6 6 2
45 6 6 2
45 6 6 2
22 22 22 0
22 22 22 0
22 22 22 0
22 22 22 0
22 22 22 0
0 0 0 4
0 0 0 4
21 12 12 4
12 12 12 4
12 12 12 4
12 12 12 4
42 42 20 4
42 42 20 4
42 42 20 4
42 42 20 4
44 20 4 4
44 20 4 4
31 21 21 3
31 21 21 3
50 21 21 3
50 21 21 3
47 37 37 4
27 27 27 3
37 37 37 4
37 37 37 4
37 37 37 4
11 11 11 0
11 11 11 0
5 5 5 2
5 5 5 2
5 5 5 2
5 5 5 2
5 5 5 2
10 24 24 0
45 6 6 2
45 6 6 2
45 6 6 2
45 6 6 2
45 6 6 2
45 6 6 2
22 22 22 0
22 22 22 0
22 22 22 0
22 22 22 0
22 22 22 0
0 0 0 4
0 0 0 4
21 12 12 4
12 12 12 4
12 12 12 4
12 12 12 4
42 42 20 4
42 42 20 4
42 42 20 4
42 42 20 4
44 20 4 4
44 20 4 4
20 20 4 4
3 21 21 3
3 21 21 3
47 37 37 4
47 37 37 4
37 37 37 4
37 37 37 4
37 37 37 4
37 37 37 4
11 11 11 0
11 11 11 0
11 11 11 0
11 11 11 0
11 11 11 0
10 24 24 0
10 24 24 0
10 24 24 0
10 24 24 0
49 6 6 2
49 6 6 2
49 6 6 2
49 6 6 2
49 6 6 2
22 22 22 0
22 22 22 0
22 22 22 0
22 22 22 0
22 22 22 0
0 0 0 4
0 0 0 4
21 12 12 4
12 12 12 4
12 12 12 4
12 12 12 4
42 42 20 4
42 42 20 4
42 42 20 4
42 42 20 4
44 20 4 4
44 20 4 4
20 20 4 4
3 21 21 3
3 21 21 3
47 37 37 4
47 37 37 4
47 37 37 4
37 37 37 4
2 2 2 1
2 2 2 1
11 11 11 0
11 11 11 0
11 11 11 0
11 11 11 0
11 11 11 0
10 24 24 0
10 24 24 0
10 24 24 0
10 24 24 0
49 6 6 2
49 6 6 2
49 6 6 2
49 6 6 2
49 6 6 2
48 31 31 4
48 31 31 4
48 31 31 4
48 31 31 4
48 31 31 4
21 12 12 4
21 12 12 4
21 12 12 4
12 12 12 4
12 12 12 4
12 12 12 4
42 42 20 4
42 42 20 4
42 42 20 4
42 42 20 4
44 20 4 4
44 20 4 4
20 20 4 4
3 21 21 3
3 21 21 3
47 37 37 4
47 37 37 4
47 37 37 4
37 37 37 4
2 2 2 1
2 2 2 1
11 11 11 0
11 11 11 0
11 11 11 0
11 11 11 0
11 11 11 0
10 24 24 0
10 24 24 0
10 24 24 0
10 24 24 0
6 24 24 0
49 6 6 2
49 6 6 2
49 6 6 2
48 31 31 4
48 31 31 4
48 31 31 4
48 31 31 4
48 31 31 4
48 31 31 4
48 31 31 4
21 12 12 4
21 12 12 4
12 12 12 4
12 12 12 4
43 43 17 4
43 43 17 4
43 43 17 4
42 42 20 4
42 42 20 4
44 20 4 4
44 20 4 4
20 20 4 4
3 21 21 3
46 10 10 1
47 37 37 4
47 37 37 4
2 2 2 1
2 2 2 1
2 2 2 1
2 2 2 1
11 11 11 0
11 11 11 0
11 11 11 0
11 11 11 0
11 11 11 0
10 24 24 0
10 24 24 0
10 24 24 0
10 24 24 0
6 24 24 0
49 6 6 2
49 6 6 2
49 6 6 2
40 16 16 0
40 16 16 0
40 16 16 0
40 16 16 0
48 31 31 4
48 31 31 4
48 31 31 4
21 12 12 4
21 12 12 4
12 12 12 4
12 12 12 4
12 12 12 4
42 42 20 4
42 42 20 4
42 42 20 4
42 42 20 4
44 20 4 4
44 20 4 4
20 20 4 4
3 21 21 3
46 10 10 1
46 10 10 1
47 37 37 4
2 2 2 1
2 2 2 1
2 2 2 1
2 2 2 1
11 11 11 0
11 11 11 0
11 11 11 0
11 11 11 0
11 11 11 0
10 24 24 0
10 24 24 0
10 24 24 0
10 24 24 0
6 24 24 0
6 24 24 0
6 24 24 0
6 24 24 0
40 16 16 0
40 16 16 0
40 16 16 0
40 16 16 0
40 16 16 0
40 16 16 0
40 16 16 0
21 12 12 4
21 12 12 4
12 12 12 4
12 12 12 4
12 12 12 4
42 42 20 4
42 42 20 4
42 42 20 4
42 42 20 4
44 20 4 4
44 20 4 4
28 28 28 1
46 10 10 1
46 10 10 1
46 10 10 1
47 37 37 4
2 2 2 1
2 2 2 1
2 2 2 1
2 2 2 1
11 11 11 0
11 11 11 0
11 11 11 0
11 11 11 0
11 11 11 0
1 1 1 0
1 1 1 0
1 1 1 0
10 24 24 0
6 24 24 0
6 24 24 0
6 24 24 0
6 24 24 0
40 16 16 0
40 16 16 0
40 16 16 0
40 16 16 0
16 16 16 0
16 16 16 0
16 16 16 0
21 12 12 4
21 12 12 4
12 12 12 4
12 12 12 4
12 12 12 4
42 42 20 4
42 42 20 4
42 42 20 4
42 42 20 4
44 20 4 4
44 20 4 4
28 28 28 1
46 10 10 1
46 10 10 1
46 10 10 1
46 10 10 1
46 10 10 1
2 2 2 1
2 2 2 1
41 3 3 0
41 3 3 0
11 11 11 0
11 11 11 0
11 11 11 0
11 11 11 0
1 1 1 0
1 1 1 0
1 1 1 0
10 24 24 0
6 24 24 0
6 24 24 0
6 24 24 0
6 24 24 0
16 16 16 0
16 16 16 0
16 16 16 0
16 16 16 0
16 16 16 0
16 16 16 0
16 16 16 0
16 16 16 0
21 12 12 4
12 12 12 4
17 17 17 4
17 17 17 4
17 17 17 4
17 17 17 4
42 42 20 4
42 42 20 4
28 28 28 1
28 28 28 1
28 28 28 1
46 10 10 1
46 10 10 1
46 10 10 1
46 10 10 1
46 10 10 1
2 2 2 1
2 2 2 1
41 3 3 0
41 3 3 0
11 11 11 0
11 11 11 0
11 11 11 0
1 1 1 0
1 1 1 0
1 1 1 0
1 1 1 0
10 24 24 0
6 24 24 0
6 24 24 0
6 24 24 0
6 24 24 0
16 16 16 0
16 16 16 0
16 16 16 0
16 16 16 0
16 16 16 0
16 16 16 0
33 33 33 0
33 33 33 0
21 12 12 4
12 12 12 4
12 12 12 4
12 12 12 4
42 42 20 4
42 42 20 4
42 42 20 4
42 42 20 4
28 28 28 1
28 28 28 1
28 28 28 1
28 28 28 1
46 10 10 1
46 10 10 1
46 10 10 1
46 10 10 1
41 3 3 0
41 3 3 0
41 3 3 0
41 3 3 0
41 3 3 0
11 11 11 0
11 11 11 0
1 1 1 0
1 1 1 0
1 1 1 0
1 1 1 0
1 1 1 0
24 1 1 0
24 1 1 0
24 1 1 0
24 1 1 0
7 7 7 0
7 7 7 0
7 7 7 0
16 16 16 0
16 16 16 0
33 33 33 0
33 33 33 0
33 33 33 0
33 33 33 0
12 12 12 4
12 12 12 4
12 12 12 4
42 42 20 4
42 42 20 4
42 42 20 4
28 28 28 1
28 28 28 1
28 28 28 1
28 28 28 1
28 28 28 1
46 10 10 1
29 29 29 1
29 29 29 1
41 3 3 0
41 3 3 0
41 3 3 0
41 3 3 0
41 3 3 0
41 3 3 0
41 3 3 0
41 3 3 0
1 1 1 0
1 1 1 0
1 1 1 0
1 1 1 0
1 1 1 0
24 1 1 0
24 1 1 0
24 1 1 0
24 1 1 0
7 7 7 0
7 7 7 0
7 7 7 0
7 7 7 0
16 16 16 0
33 33 33 0
33 33 33 0
33 33 33 0
33 33 33 0
12 12 12 4
30 30 30 4
30 30 30 4
38 34 34 4
38 34 34 4
38 34 34 4
34 34 34 4
28 28 28 1
28 28 28 1
28 28 28 1
28 28 28 1
46 10 10 1
29 29 29 1
29 29 29 1
25 25 15 1
25 25 15 1
41 3 3 0
41 3 3 0
41 3 3 0
41 3 3 0
41 3 3 0
41 3 3 0
1 1 1 0
1 1 1 0
1 1 1 0
1 1 1 0
24 1 1 0
24 1 1 0
24 1 1 0
24 1 1 0
24 1 1 0
7 7 7 0
7 7 7 0
7 7 7 0
7 7 7 0
33 33 33 0
33 33 33 0
33 33 33 0
33 33 33 0
33 33 33 0
30 30 30 4
30 30 30 4
30 30 30 4
38 34 34 4
38 34 34 4
38 34 34 4
34 34 34 4
28 28 28 1
28 28 28 1
28 28 28 1
28 28 28 1
29 29 29 1
29 29 29 1
29 29 29 1
25 25 15 1
25 25 15 1
25 25 15 1
15 15 15 1
41 3 3 0
41 3 3 0
26 26 26 0
26 26 26 0
1 1 1 0
1 1 1 0
1 1 1 0
1 1 1 0
24 1 1 0
24 1 1 0
24 1 1 0
24 1 1 0
7 7 7 0
7 7 7 0
7 7 7 0
7 7 7 0
7 7 7 0
7 7 7 0
33 33 33 0
33 33 33 0
33 33 33 0
33 33 33 0
30 30 30 4
30 30 30 4
30 30 30 4
30 30 30 4
30 30 30 4
38 34 34 4
34 34 34 4
34 34 34 4
28 28 28 1
28 28 28 1
29 29 29 1
29 29 29 1
29 29 29 1
29 29 29 1
25 25 15 1
25 25 15 1
25 25 15 1
15 15 15 1
41 3 3 0
41 3 3 0
26 26 26 0
26 26 26 0
1 1 1 0
1 1 1 0
1 1 1 0
1 1 1 0
24 1 1 0
24 1 1 0
24 1 1 0
24 1 1 0
35 23 23 0
7 7 7 0
7 7 7 0
7 7 7 0
7 7 7 0
7 7 7 0
33 33 33 0
33 33 33 0
33 33 33 0
8 8 8 4
30 30 30 4
8 8 8 4
8 8 8 4
38 34 34 4
38 34 34 4
38 34 34 4
34 34 34 4
34 34 34 4
9 9 9 1
28 28 28 1
29 29 29 1
29 29 29 1
29 29 29 1
29 29 29 1
25 25 15 1
25 25 15 1
25 25 15 1
15 15 15 1
15 15 15 1
15 15 15 1
26 26 26 0
26 26 26 0
26 26 26 0
1 1 1 0
1 1 1 0
1 1 1 0
32 32 32 0
32 32 32 0
32 32 32 0
35 23 23 0
35 23 23 0
35 23 23 0
7 7 7 0
7 7 7 0
23 23 23 0
7 7 7 0
33 33 33 0
33 33 33 0
33 33 33 0
8 8 8 4
8 8 8 4
8 8 8 4
8 8 8 4
38 34 34 4
38 34 34 4
38 34 34 4
34 34 34 4
34 34 34 4
9 9 9 1
9 9 9 1
9 9 9 1
29 29 29 1
29 29 29 1
19 19 19 1
25 25 15 1
25 25 15 1
15 15 15 1
15 15 15 1
15 15 15 1
15 15 15 1
26 26 26 0
14 14 14 0
14 14 14 0
14 14 14 0
14 14 14 0
1 1 1 0
32 32 32 0
32 32 32 0
32 32 32 0
35 23 23 0
35 23 23 0
35 23 23 0
23 23 23 0
23 23 23 0
23 23 23 0
23 23 23 0
33 33 33 0
33 33 33 0
39 8 8 4
8 8 8 4
8 8 8 4
8 8 8 4
8 8 8 4
38 34 34 4
38 34 34 4
38 34 34 4
34 34 34 4
34 34 34 4
9 9 9 1
9 9 9 1
9 9 9 1
9 9 9 1
29 29 29 1
19 19 19 1
25 25 15 1
25 25 15 1
15 15 15 1
15 15 15 1
15 15 15 1
26 26 26 0
26 26 26 0
26 26 26 0
26 26 26 0
1 1 1 0
1 1 1 0
1 1 1 0
32 32 32 0
32 32 32 0
32 32 32 0
35 23 23 0
35 23 23 0
35 23 23 0
23 23 23 0
23 23 23 0
23 23 23 0
23 23 23 0
23 23 23 0
39 8 8 4
39 8 8 4
8 8 8 4
8 8 8 4
8 8 8 4
8 8 8 4
38 34 34 4
38 34 34 4
38 34 34 4
34 34 34 4
34 34 34 4
9 9 9 1
9 9 9 1
9 9 9 1
9 9 9 1
19 19 19 1
19 19 19 1
19 19 19 1
25 25 15 1
18 18 18 1
15 15 15 1
15 15 15 1
26 26 26 0
26 26 26 0
26 26 26 0
26 26 26 0
26 26 26 0
4 4 38 0
4 4 38 0
32 32 32 0
32 32 32 0
32 32 32 0
35 23 23 0
35 23 23 0
35 23 23 0
23 23 23 0
23 23 23 0
23 23 23 0
23 23 23 0
39 8 8 4
39 8 8 4
39 8 8 4
8 8 8 4
8 8 8 4
8 8 8 4
8 8 8 4
38 34 34 4
38 34 34 4
38 34 34 4
34 34 34 4
34 34 34 4
9 9 9 1
9 9 9 1
9 9 9 1
9 9 9 1
19 19 19 1
19 19 19 1
19 19 19 1
19 19 19 1
18 18 18 1
15 15 15 1
15 15 15 1
26 26 26 0
26 26 26 0
26 26 26 0
26 26 26 0
26 26 26 0
4 4 38 0
4 4 38 0
32 32 32 0
32 32 32 0
32 32 32 0
13 13 13 0
13 13 13 0
13 13 13 0
23 23 23 0
23 23 23 0
23 23 23 0
23 23 23 0
39 8 8 4
39 8 8 4
39 8 8 4
8 8 8 4
8 8 8 4
8 8 8 4
38 34 34 4
38 34 34 4
38 34 34 4
38 34 34 4
34 34 34 4
34 34 34 4
9 9 9 1
9 9 9 1
9 9 9 1
9 9 9 1
19 19 19 1
19 19 19 1
19 19 19 1
18 18 18 1
18 18 18 1
18 18 18 1
26 26 26 0
26 26 26 0
26 26 26 0
26 26 26 0
26 26 26 0
26 26 26 0
4 4 38 0
4 4 38 0
4 4 38 0
32 32 32 0
13 13 13 0
13 13 13 0
13 13 13 0
13 13 13 0
13 13 13 0
23 23 23 0
23 23 23 0
39 8 8 4
39 8 8 4
39 8 8 4
39 8 8 4
8 8 8 4
8 8 8 4
8 8 8 4
38 34 34 4
38 34 34 4
38 34 34 4
38 34 34 4
34 34 34 4
34 34 34 4
9 9 9 1
9 9 9 1
9 9 9 1
9 9 9 1
19 19 19 1
19 19 19 1
18 18 18 1
18 18 18 1
18 18 18 1
18 18 18 1
26 26 26 0
26 26 26 0
26 26 26 0
26 26 26 0
26 26 26 0
4 4 38 0
4 4 38 0
4 4 38 0
4 4 38 0
32 32 32 0
13 13 13 0
13 13 13 0
13 13 13 0
13 13 13 0
13 13 13 0
23 23 23 0
23 23 23 0
39 8 8 4
39 8 8 4
39 8 8 4
39 8 8 4
8 8 8 4
8 8 8 4
8 8 8 4
38 34 34 4
38 34 34 4
38 34 34 4
38 34 34 4
34 34 34 4
34 34 34 4
9 9 9 1
9 9 9 1
9 9 9 1
9 9 9 1
19 19 19 1
19 19 19 1
18 18 18 1
18 18 18 1
18 18 18 1
18 18 18 1
26 26 26 0
26 26 26 0
26 26 26 0
26 26 26 0
26 26 26 0
26 26 26 0
4 4 38 0
4 4 38 0
4 4 38 0
32 32 32 0
13 13 13 0
13 13 13 0
13 13 13 0
13 13 13 0
13 13 13 0
23 23 23 0
23 23 23 0
39 8 8 4
39 8 8 4
39 8 8 4
39 8 8 4
8 8 8 4
8 8 8 4
