12 12 12 2
12 12 12 2
12 12 12 2
42 42 20 2
42 42 20 2
42 42 20 2
31 21 21 2
31 21 21 2
31 21 21 2
31 21 21 2
50 21 21 2
50 21 21 2
27 27 27 4
27 27 27 4
27 27 27 4
2 2 2 4
2 2 2 4
2 2 2 4
5 5 5 4
5 5 5 4
5 5 5 4
5 5 5 4
5 5 5 4
5 5 5 4
5 5 5 4
45 6 6 3
45 6 6 3
45 6 6 3
45 6 6 3
45 6 6 3
45 6 6 3
22 22 22 2
22 22 22 2
22 22 22 2
22 22 22 2
22 22 22 2
36 36 36 2
36 36 36 2
36 36 36 2
12 12 12 2
12 12 12 2
12 12 12 2
12 12 12 2
42 42 20 2
42 42 20 2
42 42 20 2
31 21 21 2
31 21 21 2
31 21 21 2
31 21 21 2
50 21 21 2
50 21 21 2
27 27 27 4
27 27 27 4
37 37 37 4
2 2 2 4
2 2 2 4
2 2 2 4
5 5 5 4
5 5 5 4
5 5 5 4
5 5 5 4
5 5 5 4
5 5 5 4
5 5 5 4
45 6 6 3
45 6 6 3
45 6 6 3
45 6 6 3
45 6 6 3
45 6 6 3
22 22 22 2
22 22 22 2
22 22 22 2
22 22 22 2
22 22 22 2
22 22 22 2
12 12 12 2
12 12 12 2
12 12 12 2
12 12 12 2
12 12 12 2
42 42 20 2
42 42 20 2
42 42 20 2
42 42 20 2
31 21 21 2
31 21 21 2
31 21 21 2
31 21 21 2
50 21 21 2
50 21 21 2
47 37 37 4
27 27 27 4
37 37 37 4
2 2 2 4
2 2 2 4
2 2 2 4
5 5 5 4
5 5 5 4
5 5 5 4
5 5 5 4
5 5 5 4
5 5 5 4
45 6 6 3
45 6 6 3
45 6 6 3
45 6 6 3
45 6 6 3
45 6 6 3
45 6 6 3
22 22 22 2
22 22 22 2
22 22 22 2
22 22 22 2
22 22 22 2
0 0 0 2
0 0 0 2
0 0 0 2
12 12 12 2
12 12 12 2
12 12 12 2
42 42 20 2
42 42 20 2
42 42 20 2
42 42 20 2
44 20 4 2
44 20 4 2
20 20 4 2
3 21 21 2
3 21 21 2
47 37 37 4
47 37 37 4
37 37 37 4
37 37 37 4
2 2 2 4
2 2 2 4
2 2 2 4
11 11 11 4
11 11 11 4
5 5 5 4
5 5 5 4
5 5 5 4
5 5 5 4
49 6 6 3
49 6 6 3
49 6 6 3
49 6 6 3
49 6 6 3
49 6 6 3
49 6 6 3
22 22 22 2
22 22 22 2
22 22 22 2
22 22 22 2
22 22 22 2
22 22 22 2
12 12 12 2
12 12 12 2
12 12 12 2
12 12 12 2
12 12 12 2
42 42 20 2
42 42 20 2
42 42 20 2
42 42 20 2
44 20 4 2
44 20 4 2
20 20 4 2
3 21 21 2
3 21 21 2
47 37 37 4
47 37 37 4
47 37 37 4
37 37 37 4
2 2 2 4
2 2 2 4
2 2 2 4
11 11 11 4
11 11 11 4
5 5 5 4
5 5 5 4
5 5 5 4
5 5 5 4
10 24 24 1
10 24 24 1
49 6 6 3
49 6 6 3
49 6 6 3
49 6 6 3
49 6 6 3
48 31 0 2
48 31 0 2
48 31 0 2
48 31 0 2
22 22 22 2
21 12 12 2
21 12 12 2
21 12 12 2
12 12 12 2
12 12 12 2
43 43 20 2
43 43 20 2
43 43 20 2
42 42 20 2
42 42 20 2
44 20 4 2
44 20 4 2
20 20 4 2
3 21 21 2
3 21 21 2
47 37 37 4
47 37 37 4
47 37 37 4
37 37 37 4
2 2 2 4
2 2 2 4
2 2 2 4
11 11 11 4
11 11 11 4
5 5 5 4
5 5 5 4
5 5 5 4
10 24 24 1
10 24 24 1
10 24 24 1
6 24 24 1
49 6 6 3
49 6 6 3
49 6 6 3
40 16 16 0
40 16 16 0
40 16 16 0
40 16 16 0
48 31 0 2
48 31 0 2
48 31 0 2
12 12 12 2
12 12 12 2
12 12 12 2
12 12 12 2
43 43 20 2
43 43 20 2
43 43 20 2
43 43 20 2
43 43 20 2
44 20 4 2
44 20 4 2
20 20 4 2
3 21 21 2
46 10 10 2
47 37 37 4
47 37 37 4
47 37 37 4
2 2 2 4
2 2 2 4
2 2 2 4
2 2 2 4
11 11 11 4
11 11 11 4
11 11 11 4
5 5 5 4
5 5 5 4
10 24 24 1
10 24 24 1
10 24 24 1
6 24 24 1
49 6 6 3
49 6 6 3
49 6 6 3
40 16 16 0
40 16 16 0
40 16 16 0
40 16 16 0
48 31 0 2
48 31 0 2
48 31 0 2
12 12 12 2
12 12 12 2
12 12 12 2
12 12 12 2
43 43 20 2
43 43 20 2
43 43 20 2
43 43 20 2
43 43 20 2
44 20 4 2
44 20 4 2
20 20 4 2
3 21 21 2
46 10 10 2
47 37 37 4
47 37 37 4
2 2 2 4
2 2 2 4
2 2 2 4
2 2 2 4
11 11 11 4
11 11 11 4
11 11 11 4
11 11 11 4
5 5 5 4
10 24 24 1
10 24 24 1
10 24 24 1
10 24 24 1
6 24 24 1
6 24 24 1
6 24 24 1
6 24 24 1
40 16 16 0
40 16 16 0
40 16 16 0
40 16 16 0
48 31 0 2
16 16 16 0
16 16 16 0
12 12 12 2
12 12 12 2
12 12 12 2
12 12 12 2
17 17 17 2
17 17 17 2
43 43 20 2
43 43 20 2
43 43 20 2
44 20 4 2
44 20 4 2
28 28 28 2
46 10 10 2
46 10 10 2
46 10 10 2
47 37 37 4
2 2 2 4
2 2 2 4
2 2 2 4
2 2 2 4
2 2 2 4
11 11 11 4
11 11 11 4
11 11 11 4
5 5 5 4
10 24 24 1
10 24 24 1
10 24 24 1
10 24 24 1
6 24 24 1
6 24 24 1
6 24 24 1
6 24 24 1
40 16 16 0
40 16 16 0
40 16 16 0
40 16 16 0
16 16 16 0
16 16 16 0
16 16 16 0
16 16 16 0
12 12 12 2
12 12 12 2
17 17 17 2
17 17 17 2
17 17 17 2
17 17 17 2
17 17 17 2
17 17 17 2
44 20 4 2
44 20 4 2
28 28 28 2
46 10 10 2
46 10 10 2
46 10 10 2
46 10 10 2
2 2 2 4
2 2 2 4
2 2 2 4
2 2 2 4
2 2 2 4
11 11 11 4
11 11 11 4
11 11 11 4
11 11 11 4
1 1 1 1
1 1 1 1
1 1 1 1
10 24 24 1
6 24 24 1
6 24 24 1
6 24 24 1
6 24 24 1
40 16 16 0
40 16 16 0
40 16 16 0
40 16 16 0
16 16 16 0
16 16 16 0
16 16 16 0
16 16 16 0
12 12 12 2
12 12 12 2
17 17 17 2
17 17 17 2
17 17 17 2
17 17 17 2
17 17 17 2
17 17 17 2
28 28 28 2
28 28 28 2
28 28 28 2
46 10 10 2
46 10 10 2
46 10 10 2
46 10 10 2
2 2 2 4
2 2 2 4
2 2 2 4
2 2 2 4
2 2 2 4
11 11 11 4
11 11 11 4
11 11 11 4
11 11 11 4
1 1 1 1
1 1 1 1
1 1 1 1
10 24 24 1
6 24 24 1
6 24 24 1
6 24 24 1
6 24 24 1
7 7 7 0
7 7 7 0
7 7 7 0
16 16 16 0
16 16 16 0
16 16 16 0
16 16 16 0
16 16 16 0
12 12 12 2
12 12 12 2
17 17 17 2
17 17 17 2
17 17 17 2
17 17 17 2
17 17 17 2
17 17 17 2
28 28 28 2
28 28 28 2
28 28 28 2
46 10 10 2
46 10 10 2
46 10 10 2
46 10 10 2
25 25 15 4
25 25 15 4
2 2 2 4
2 2 2 4
2 2 2 4
11 11 11 4
11 11 11 4
11 11 11 4
1 1 1 1
1 1 1 1
1 1 1 1
1 1 1 1
1 1 1 1
24 1 1 1
24 1 1 1
24 1 1 1
24 1 1 1
7 7 7 0
7 7 7 0
7 7 7 0
16 16 16 0
16 16 16 0
33 33 33 2
33 33 33 2
33 33 33 2
12 12 12 2
12 12 12 2
30 30 30 2
30 30 30 2
17 17 17 2
17 17 17 2
17 17 17 2
28 28 28 2
28 28 28 2
28 28 28 2
28 28 28 2
28 28 28 2
46 10 10 2
29 29 29 2
29 29 29 2
25 25 15 4
25 25 15 4
2 2 2 4
41 3 3 4
41 3 3 4
41 3 3 4
41 3 3 4
41 3 3 4
1 1 1 1
1 1 1 1
1 1 1 1
1 1 1 1
1 1 1 1
24 1 1 1
24 1 1 1
24 1 1 1
24 1 1 1
7 7 7 0
7 7 7 0
7 7 7 0
7 7 7 0
16 16 16 0
33 33 33 2
33 33 33 2
33 33 33 2
12 12 12 2
12 12 12 2
30 30 30 2
30 30 30 2
17 17 17 2
17 17 17 2
17 17 17 2
28 28 28 2
28 28 28 2
28 28 28 2
28 28 28 2
28 28 28 2
46 10 10 2
29 29 29 2
29 29 29 2
25 25 15 4
25 25 15 4
2 2 2 4
2 2 2 4
2 2 2 4
41 3 3 4
41 3 3 4
41 3 3 4
14 14 25 1
14 14 25 1
1 1 1 1
1 1 1 1
24 1 1 1
24 1 1 1
24 1 1 1
24 1 1 1
24 1 1 1
7 7 7 0
7 7 7 0
7 7 7 0
7 7 7 0
16 16 16 0
33 33 33 2
33 33 33 2
33 33 33 2
33 33 33 2
30 30 30 2
30 30 30 2
30 30 30 2
30 30 30 2
30 30 30 2
30 30 30 2
30 30 30 2
28 28 28 2
28 28 28 2
28 28 28 2
28 28 28 2
29 29 29 2
29 29 29 2
29 29 29 2
25 25 15 4
25 25 15 4
25 25 15 4
25 25 15 4
25 25 15 4
26 26 26 4
26 26 26 4
14 14 25 1
14 14 25 1
14 14 25 1
1 1 1 1
1 1 1 1
24 1 1 1
24 1 1 1
24 1 1 1
24 1 1 1
7 7 7 0
7 7 7 0
7 7 7 0
7 7 7 0
7 7 7 0
16 16 16 0
33 33 33 2
33 33 33 2
33 33 33 2
30 30 30 2
30 30 30 2
30 30 30 2
30 30 30 2
30 30 30 2
30 30 30 2
30 30 30 2
30 30 30 2
28 28 28 2
28 28 28 2
28 28 28 2
29 29 29 2
29 29 29 2
29 29 29 2
29 29 29 2
25 25 15 4
25 25 15 4
25 25 15 4
25 25 15 4
25 25 15 4
26 26 26 4
26 26 26 4
14 14 25 1
14 14 25 1
14 14 25 1
14 14 25 1
1 1 1 1
32 32 32 1
24 1 1 1
24 1 1 1
35 23 23 0
35 23 23 0
7 7 7 0
7 7 7 0
7 7 7 0
7 7 7 0
16 16 16 0
33 33 33 2
33 33 33 2
33 33 33 2
30 30 30 2
30 30 30 2
30 30 30 2
30 30 30 2
30 30 30 2
30 30 30 2
30 30 30 2
34 34 34 2
34 34 34 2
9 9 9 2
9 9 9 2
29 29 29 2
29 29 29 2
29 29 29 2
29 29 29 2
25 25 15 4
25 25 15 4
25 25 15 4
25 25 15 4
25 25 15 4
26 26 26 4
26 26 26 4
14 14 25 1
14 14 25 1
14 14 25 1
14 14 25 1
14 14 25 1
32 32 32 1
32 32 32 1
32 32 32 1
35 23 23 0
35 23 23 0
35 23 23 0
23 23 23 0
23 23 23 0
23 23 23 0
16 16 16 0
33 33 33 2
33 33 33 2
33 33 33 2
8 8 8 2
8 8 8 2
30 30 30 2
30 30 30 2
30 30 30 2
30 30 30 2
38 34 34 2
34 34 34 2
34 34 34 2
9 9 9 2
9 9 9 2
29 29 29 2
29 29 29 2
29 29 29 2
19 19 19 4
25 25 15 4
25 25 15 4
15 15 15 4
15 15 15 4
15 15 15 4
15 15 15 4
26 26 26 4
14 14 25 1
14 14 25 1
14 14 25 1
14 14 25 1
32 32 32 1
32 32 32 1
32 32 32 1
32 32 32 1
35 23 23 0
35 23 23 0
35 23 23 0
23 23 23 0
23 23 23 0
23 23 23 0
23 23 23 0
33 33 33 2
33 33 33 2
8 8 8 2
8 8 8 2
8 8 8 2
30 30 30 2
30 30 30 2
30 30 30 2
38 34 34 2
38 34 34 2
34 34 34 2
34 34 34 2
9 9 9 2
9 9 9 2
9 9 9 2
29 29 29 2
29 29 29 2
19 19 19 4
25 25 15 4
25 25 15 4
18 18 18 4
18 18 18 4
18 18 18 4
26 26 26 4
26 26 26 4
26 26 26 4
14 14 25 1
14 14 25 1
14 14 25 1
14 14 25 1
32 32 32 1
32 32 32 1
32 32 32 1
35 23 23 0
35 23 23 0
35 23 23 0
23 23 23 0
23 23 23 0
23 23 23 0
23 23 23 0
33 33 33 2
33 33 33 2
8 8 8 2
8 8 8 2
8 8 8 2
8 8 8 2
30 30 30 2
30 30 30 2
38 34 34 2
38 34 34 2
34 34 34 2
34 34 34 2
9 9 9 2
9 9 9 2
9 9 9 2
19 19 19 4
19 19 19 4
19 19 19 4
19 19 19 4
25 25 15 4
18 18 18 4
18 18 18 4
18 18 18 4
26 26 26 4
26 26 26 4
26 26 26 4
14 14 25 1
14 14 25 1
4 4 38 1
4 4 38 1
32 32 32 1
32 32 32 1
32 32 32 1
35 23 23 0
35 23 23 0
35 23 23 0
23 23 23 0
23 23 23 0
23 23 23 0
23 23 23 0
33 33 33 2
33 33 33 2
8 8 8 2
8 8 8 2
8 8 8 2
8 8 8 2
30 30 30 2
38 34 34 2
38 34 34 2
38 34 34 2
34 34 34 2
34 34 34 2
9 9 9 2
9 9 9 2
9 9 9 2
19 19 19 4
19 19 19 4
19 19 19 4
19 19 19 4
25 25 15 4
18 18 18 4
18 18 18 4
18 18 18 4
26 26 26 4
26 26 26 4
26 26 26 4
14 14 25 1
14 14 25 1
4 4 38 1
4 4 38 1
4 4 38 1
32 32 32 1
13 13 13 1
13 13 13 1
13 13 13 1
13 13 13 1
23 23 23 0
23 23 23 0
23 23 23 0
23 23 23 0
39 33 33 2
8 8 8 2
8 8 8 2
8 8 8 2
8 8 8 2
8 8 8 2
38 34 34 2
38 34 34 2
38 34 34 2
38 34 34 2
34 34 34 2
34 34 34 2
9 9 9 2
9 9 9 2
9 9 9 2
19 19 19 4
19 19 19 4
19 19 19 4
19 19 19 4
18 18 18 4
18 18 18 4
18 18 18 4
18 18 18 4
26 26 26 4
26 26 26 4
26 26 26 4
26 26 26 4
4 4 38 1
4 4 38 1
4 4 38 1
4 4 38 1
13 13 13 1
13 13 13 1
13 13 13 1
13 13 13 1
13 13 13 1
13 13 13 1
23 23 23 0
23 23 23 0
39 33 33 2
39 33 33 2
39 33 33 2
39 33 33 2
39 33 33 2
8 8 8 2
8 8 8 2
38 34 34 2
38 34 34 2
38 34 34 2
38 34 34 2
34 34 34 2
34 34 34 2
9 9 9 2
9 9 9 2
9 9 9 2
19 19 19 4
19 19 19 4
19 19 19 4
19 19 19 4
18 18 18 4
18 18 18 4
18 18 18 4
18 18 18 4
26 26 26 4
26 26 26 4
26 26 26 4
26 26 26 4
4 4 38 1
4 4 38 1
4 4 38 1
4 4 38 1
4 4 38 1
13 13 13 1
13 13 13 1
13 13 13 1
13 13 13 1
13 13 13 1
23 23 23 0
23 23 23 0
39 33 33 2
39 33 33 2
39 33 33 2
8 8 8 2
8 8 8 2
8 8 8 2
8 8 8 2
8 8 8 2
38 34 34 2
38 34 34 2
38 34 34 2
34 34 34 2
34 34 34 2
9 9 9 2
9 9 9 2
9 9 9 2
19 19 19 4
19 19 19 4
19 19 19 4
18 18 18 4
18 18 18 4
18 18 18 4
18 18 18 4
18 18 18 4
26 26 26 4
26 26 26 4
26 26 26 4
26 26 26 4
4 4 38 1
4 4 38 1
4 4 38 1
4 4 38 1
4 4 38 1
13 13 13 1
13 13 13 1
13 13 13 1
13 13 13 1
13 13 13 1
23 23 23 0
23 23 23 0
39 33 33 2
39 33 33 2
39 33 33 2
8 8 8 2
8 8 8 2
8 8 8 2
