36 36 36 4
36 36 36 4
36 36 36 4
42 42 20 3
42 42 20 3
42 42 20 3
31 21 21 2
31 21 21 2
31 21 21 2
31 21 21 2
50 21 21 2
50 21 21 2
27 27 27 2
27 27 27 2
37 2 2 2
37 2 2 2
37 2 2 2
37 2 2 2
5 5 5 2
5 5 5 2
5 5 5 2
5 5 5 2
5 5 5 2
5 5 5 2
45 6 6 4
45 6 6 4
45 6 6 4
45 6 6 4
45 6 6 4
45 6 6 4
45 6 6 4
22 22 22 4
22 22 22 4
22 22 22 4
22 22 22 4
22 22 22 4
36 36 36 4
36 36 36 4
36 36 36 4
36 36 36 4
12 12 12 3
12 12 12 3
42 42 20 3
42 42 20 3
42 42 20 3
42 42 20 3
44 20 4 2
44 20 4 2
31 21 21 2
31 21 21 2
50 21 21 2
50 21 21 2
50 21 21 2
37 2 2 2
37 2 2 2
37 2 2 2
37 2 2 2
37 2 2 2
5 5 5 2
5 5 5 2
5 5 5 2
5 5 5 2
5 5 5 2
5 5 5 2
45 6 6 4
45 6 6 4
45 6 6 4
45 6 6 4
45 6 6 4
45 6 6 4
45 6 6 4
22 22 22 4
22 22 22 4
22 22 22 4
22 22 22 4
22 22 22 4
0 0 0 4
0 0 0 4
0 0 0 4
12 12 12 3
12 12 12 3
12 12 12 3
42 42 20 3
42 42 20 3
42 42 20 3
42 42 20 3
44 20 4 2
44 20 4 2
20 20 4 2
31 21 21 2
50 21 21 2
50 21 21 2
50 21 21 2
37 2 2 2
37 2 2 2
37 2 2 2
37 2 2 2
37 2 2 2
5 5 5 2
5 5 5 2
5 5 5 2
5 5 5 2
5 5 5 2
5 5 5 2
45 6 6 4
45 6 6 4
45 6 6 4
45 6 6 4
45 6 6 4
45 6 6 4
45 6 6 4
22 22 22 4
22 22 22 4
22 22 22 4
22 22 22 4
22 22 22 4
0 0 0 4
0 0 0 4
0 0 0 4
12 12 12 3
12 12 12 3
12 12 12 3
42 42 20 3
42 42 20 3
42 42 20 3
42 42 20 3
44 20 4 2
44 20 4 2
20 20 4 2
3 21 21 2
50 21 21 2
50 21 21 2
37 2 2 2
37 2 2 2
37 2 2 2
37 2 2 2
37 2 2 2
37 2 2 2
11 11 11 2
5 5 5 2
5 5 5 2
5 5 5 2
5 5 5 2
5 5 5 2
49 6 6 4
49 6 6 4
49 6 6 4
49 6 6 4
49 6 6 4
49 6 6 4
49 6 6 4
22 22 22 4
22 22 22 4
22 22 22 4
22 22 22 4
22 22 22 4
0 0 0 4
0 0 0 4
21 12 12 3
12 12 12 3
12 12 12 3
12 12 12 3
42 42 20 3
42 42 20 3
42 42 20 3
42 42 20 3
44 20 4 2
44 20 4 2
20 20 4 2
3 21 21 2
50 21 21 2
47 2 2 2
47 2 2 2
47 2 2 2
37 2 2 2
2 2 2 2
2 2 2 2
2 2 2 2
11 11 11 2
11 11 11 2
5 5 5 2
5 5 5 2
5 5 5 2
5 5 5 2
10 24 24 2
10 24 24 2
49 6 6 4
49 6 6 4
49 6 6 4
49 6 6 4
49 6 6 4
48 31 0 4
48 31 0 4
48 31 0 4
48 31 0 4
48 31 0 4
0 0 0 4
21 12 12 3
21 12 12 3
12 12 12 3
12 12 12 3
43 43 20 3
43 43 20 3
43 43 20 3
42 42 20 3
42 42 20 3
44 20 4 2
44 20 4 2
20 20 4 2
3 21 21 2
50 21 21 2
50 21 21 2
37 2 2 2
37 2 2 2
37 2 2 2
2 2 2 2
2 2 2 2
11 11 11 2
11 11 11 2
11 11 11 2
11 11 11 2
5 5 5 2
5 5 5 2
10 24 24 2
10 24 24 2
10 24 24 2
6 24 24 2
49 6 6 4
49 6 6 4
49 6 6 4
40 16 16 4
48 31 0 4
48 31 0 4
48 31 0 4
48 31 0 4
48 31 0 4
48 31 0 4
21 12 12 3
21 12 12 3
12 12 12 3
43 43 20 3
43 43 20 3
43 43 20 3
43 43 20 3
43 43 20 3
43 43 20 3
44 20 4 2
44 20 4 2
20 20 4 2
3 21 21 2
46 10 10 0
46 10 10 0
37 2 2 2
37 2 2 2
37 2 2 2
2 2 2 2
2 2 2 2
11 11 11 2
11 11 11 2
11 11 11 2
11 11 11 2
5 5 5 2
10 24 24 2
10 24 24 2
10 24 24 2
10 24 24 2
6 24 24 2
49 6 6 4
49 6 6 4
49 6 6 4
40 16 16 4
48 31 0 4
48 31 0 4
48 31 0 4
48 31 0 4
48 31 0 4
48 31 0 4
21 12 12 3
21 12 12 3
12 12 12 3
43 43 20 3
43 43 20 3
43 43 20 3
43 43 20 3
43 43 20 3
43 43 20 3
44 20 4 2
44 20 4 2
20 20 4 2
3 21 21 2
46 10 10 0
46 10 10 0
46 10 10 0
37 2 2 2
37 2 2 2
2 2 2 2
2 2 2 2
11 11 11 2
11 11 11 2
11 11 11 2
11 11 11 2
11 11 11 2
10 24 24 2
10 24 24 2
10 24 24 2
10 24 24 2
6 24 24 2
6 24 24 2
6 24 24 2
6 24 24 2
40 16 16 4
40 16 16 4
40 16 16 4
40 16 16 4
16 16 16 4
16 16 16 4
16 16 16 4
21 12 12 3
21 12 12 3
12 12 12 3
17 17 17 1
17 17 17 1
17 17 17 1
43 43 20 3
43 43 20 3
43 43 20 3
44 20 4 2
44 20 4 2
28 28 28 0
46 10 10 0
46 10 10 0
46 10 10 0
46 10 10 0
37 2 2 2
37 2 2 2
2 2 2 2
2 2 2 2
11 11 11 2
11 11 11 2
11 11 11 2
11 11 11 2
11 11 11 2
10 24 24 2
10 24 24 2
10 24 24 2
10 24 24 2
6 24 24 2
6 24 24 2
6 24 24 2
6 24 24 2
40 16 16 4
16 16 16 4
16 16 16 4
16 16 16 4
16 16 16 4
16 16 16 4
16 16 16 4
16 16 16 4
21 12 12 3
21 12 12 3
17 17 17 1
17 17 17 1
17 17 17 1
17 17 17 1
17 17 17 1
17 17 17 1
44 20 4 2
44 20 4 2
28 28 28 0
46 10 10 0
46 10 10 0
46 10 10 0
46 10 10 0
37 2 2 2
37 2 2 2
2 2 2 2
2 2 2 2
41 3 3 0
11 11 11 2
11 11 11 2
11 11 11 2
11 11 11 2
1 1 1 0
1 1 1 0
1 1 1 0
10 24 24 2
6 24 24 2
6 24 24 2
6 24 24 2
35 23 23 4
7 7 7 4
16 16 16 4
16 16 16 4
16 16 16 4
16 16 16 4
16 16 16 4
33 33 33 4
33 33 33 4
21 12 12 3
17 17 17 1
17 17 17 1
17 17 17 1
17 17 17 1
17 17 17 1
17 17 17 1
17 17 17 1
28 28 28 0
28 28 28 0
28 28 28 0
46 10 10 0
46 10 10 0
46 10 10 0
46 10 10 0
25 25 15 0
25 25 15 0
2 2 2 2
41 3 3 0
41 3 3 0
11 11 11 2
11 11 11 2
11 11 11 2
1 1 1 0
1 1 1 0
1 1 1 0
1 1 1 0
10 24 24 2
6 24 24 2
6 24 24 2
6 24 24 2
35 23 23 4
7 7 7 4
16 16 16 4
16 16 16 4
16 16 16 4
16 16 16 4
16 16 16 4
33 33 33 4
33 33 33 4
33 33 33 4
17 17 17 1
17 17 17 1
17 17 17 1
17 17 17 1
17 17 17 1
17 17 17 1
28 28 28 0
28 28 28 0
28 28 28 0
28 28 28 0
46 10 10 0
46 10 10 0
46 10 10 0
46 10 10 0
25 25 15 0
25 25 15 0
2 2 2 2
41 3 3 0
41 3 3 0
41 3 3 0
41 3 3 0
41 3 3 0
1 1 1 0
1 1 1 0
1 1 1 0
1 1 1 0
1 1 1 0
24 1 1 0
24 1 1 0
24 1 1 0
35 23 23 4
7 7 7 4
16 16 16 4
16 16 16 4
16 16 16 4
16 16 16 4
16 16 16 4
33 33 33 4
33 33 33 4
33 33 33 4
17 17 17 1
30 30 30 1
30 30 30 1
17 17 17 1
17 17 17 1
17 17 17 1
28 28 28 0
28 28 28 0
28 28 28 0
28 28 28 0
28 28 28 0
46 10 10 0
46 10 10 0
46 10 10 0
25 25 15 0
25 25 15 0
41 3 3 0
41 3 3 0
41 3 3 0
41 3 3 0
41 3 3 0
41 3 3 0
1 1 1 0
1 1 1 0
1 1 1 0
1 1 1 0
1 1 1 0
24 1 1 0
24 1 1 0
24 1 1 0
35 23 23 4
7 7 7 4
7 7 7 4
16 16 16 4
16 16 16 4
16 16 16 4
33 33 33 4
33 33 33 4
33 33 33 4
33 33 33 4
33 33 33 4
30 30 30 1
30 30 30 1
17 17 17 1
17 17 17 1
17 17 17 1
28 28 28 0
28 28 28 0
28 28 28 0
28 28 28 0
28 28 28 0
46 10 10 0
46 10 10 0
46 10 10 0
25 25 15 0
25 25 15 0
25 25 15 0
41 3 3 0
41 3 3 0
41 3 3 0
41 3 3 0
41 3 3 0
1 1 1 0
1 1 1 0
1 1 1 0
1 1 1 0
24 1 1 0
24 1 1 0
24 1 1 0
24 1 1 0
35 23 23 4
7 7 7 4
7 7 7 4
16 16 16 4
16 16 16 4
16 16 16 4
33 33 33 4
33 33 33 4
33 33 33 4
33 33 33 4
33 33 33 4
30 30 30 1
30 30 30 1
30 30 30 1
30 30 30 1
30 30 30 1
28 28 28 0
28 28 28 0
28 28 28 0
28 28 28 0
28 28 28 0
46 10 10 0
46 10 10 0
25 25 15 0
25 25 15 0
25 25 15 0
25 25 15 0
15 15 15 0
41 3 3 0
41 3 3 0
41 3 3 0
41 3 3 0
14 14 25 0
14 14 25 0
1 1 1 0
1 1 1 0
24 1 1 0
24 1 1 0
24 1 1 0
24 1 1 0
35 23 23 4
7 7 7 4
7 7 7 4
7 7 7 4
7 7 7 4
16 16 16 4
33 33 33 4
33 33 33 4
33 33 33 4
33 33 33 4
30 30 30 1
30 30 30 1
30 30 30 1
30 30 30 1
30 30 30 1
30 30 30 1
34 34 34 1
28 28 28 0
28 28 28 0
28 28 28 0
29 29 29 0
29 29 29 0
29 29 29 0
29 29 29 0
25 25 15 0
25 25 15 0
25 25 15 0
15 15 15 0
41 3 3 0
41 3 3 0
41 3 3 0
14 14 25 0
14 14 25 0
14 14 25 0
14 14 25 0
1 1 1 0
32 32 32 0
32 32 32 0
24 1 1 0
35 23 23 4
35 23 23 4
35 23 23 4
35 23 23 4
16 16 16 4
16 16 16 4
16 16 16 4
33 33 33 4
33 33 33 4
33 33 33 4
33 33 33 4
30 30 30 1
30 30 30 1
30 30 30 1
30 30 30 1
30 30 30 1
30 30 30 1
34 34 34 1
34 34 34 1
9 9 9 0
9 9 9 0
29 29 29 0
29 29 29 0
29 29 29 0
25 25 15 0
25 25 15 0
25 25 15 0
25 25 15 0
15 15 15 0
15 15 15 0
15 15 15 0
15 15 15 0
14 14 25 0
14 14 25 0
14 14 25 0
14 14 25 0
32 32 32 0
32 32 32 0
32 32 32 0
32 32 32 0
35 23 23 4
35 23 23 4
35 23 23 4
35 23 23 4
35 23 23 4
16 16 16 4
16 16 16 4
33 33 33 4
33 33 33 4
33 33 33 4
8 8 8 1
30 30 30 1
30 30 30 1
30 30 30 1
30 30 30 1
30 30 30 1
38 34 34 1
34 34 34 1
34 34 34 1
9 9 9 0
9 9 9 0
9 9 9 0
29 29 29 0
29 29 29 0
25 25 15 0
25 25 15 0
25 25 15 0
15 15 15 0
15 15 15 0
15 15 15 0
15 15 15 0
14 14 25 0
14 14 25 0
14 14 25 0
14 14 25 0
14 14 25 0
14 14 25 0
32 32 32 0
32 32 32 0
32 32 32 0
35 23 23 4
35 23 23 4
35 23 23 4
35 23 23 4
35 23 23 4
16 16 16 4
16 16 16 4
33 33 33 4
33 33 33 4
39 8 8 1
8 8 8 1
8 8 8 1
8 8 8 1
30 30 30 1
30 30 30 1
38 34 34 1
38 34 34 1
34 34 34 1
34 34 34 1
9 9 9 0
9 9 9 0
9 9 9 0
29 29 29 0
29 29 29 0
25 25 15 0
25 25 15 0
25 25 15 0
15 15 15 0
15 15 15 0
15 15 15 0
15 15 15 0
26 26 26 0
14 14 25 0
14 14 25 0
14 14 25 0
14 14 25 0
32 32 32 0
32 32 32 0
32 32 32 0
32 32 32 0
35 23 23 4
35 23 23 4
35 23 23 4
23 23 23 4
23 23 23 4
23 23 23 4
23 23 23 4
33 33 33 4
33 33 33 4
39 8 8 1
8 8 8 1
8 8 8 1
8 8 8 1
30 30 30 1
38 34 34 1
38 34 34 1
38 34 34 1
34 34 34 1
34 34 34 1
9 9 9 0
9 9 9 0
9 9 9 0
29 29 29 0
29 29 29 0
25 25 15 0
25 25 15 0
25 25 15 0
18 18 18 0
15 15 15 0
15 15 15 0
15 15 15 0
26 26 26 0
26 26 26 0
14 14 25 0
14 14 25 0
4 4 38 0
32 32 32 0
32 32 32 0
32 32 32 0
32 32 32 0
35 23 23 4
35 23 23 4
35 23 23 4
35 23 23 4
35 23 23 4
23 23 23 4
23 23 23 4
39 8 8 1
39 8 8 1
39 8 8 1
8 8 8 1
8 8 8 1
8 8 8 1
8 8 8 1
38 34 34 1
38 34 34 1
38 34 34 1
34 34 34 1
34 34 34 1
9 9 9 0
9 9 9 0
9 9 9 0
19 19 19 0
19 19 19 0
19 19 19 0
19 19 19 0
25 25 15 0
18 18 18 0
15 15 15 0
15 15 15 0
26 26 26 0
26 26 26 0
26 26 26 0
14 14 25 0
14 14 25 0
4 4 38 0
4 4 38 0
32 32 32 0
32 32 32 0
13 13 13 4
13 13 13 4
13 13 13 4
13 13 13 4
13 13 13 4
13 13 13 4
23 23 23 4
23 23 23 4
39 8 8 1
39 8 8 1
39 8 8 1
8 8 8 1
8 8 8 1
8 8 8 1
38 34 34 1
38 34 34 1
38 34 34 1
38 34 34 1
34 34 34 1
34 34 34 1
9 9 9 0
9 9 9 0
9 9 9 0
19 19 19 0
19 19 19 0
18 18 18 0
18 18 18 0
18 18 18 0
18 18 18 0
18 18 18 0
18 18 18 0
26 26 26 0
26 26 26 0
26 26 26 0
26 26 26 0
4 4 38 0
4 4 38 0
4 4 38 0
4 4 38 0
32 32 32 0
13 13 13 4
13 13 13 4
13 13 13 4
13 13 13 4
13 13 13 4
13 13 13 4
23 23 23 4
23 23 23 4
39 8 8 1
39 8 8 1
39 8 8 1
8 8 8 1
8 8 8 1
8 8 8 1
38 34 34 1
38 34 34 1
38 34 34 1
38 34 34 1
34 34 34 1
34 34 34 1
9 9 9 0
9 9 9 0
9 9 9 0
19 19 19 0
19 19 19 0
18 18 18 0
18 18 18 0
18 18 18 0
18 18 18 0
18 18 18 0
18 18 18 0
26 26 26 0
26 26 26 0
26 26 26 0
4 4 38 0
4 4 38 0
4 4 38 0
4 4 38 0
4 4 38 0
4 4 38 0
13 13 13 4
13 13 13 4
13 13 13 4
13 13 13 4
13 13 13 4
13 13 13 4
23 23 23 4
23 23 23 4
39 8 8 1
39 8 8 1
39 8 8 1
8 8 8 1
8 8 8 1
8 8 8 1
38 34 34 1
38 34 34 1
38 34 34 1
38 34 34 1
34 34 34 1
34 34 34 1
9 9 9 0
9 9 9 0
9 9 9 0
19 19 19 0
19 19 19 0
18 18 18 0
18 18 18 0
18 18 18 0
18 18 18 0
18 18 18 0
18 18 18 0
26 26 26 0
26 26 26 0
26 26 26 0
26 26 26 0
4 4 38 0
4 4 38 0
4 4 38 0
4 4 38 0
4 4 38 0
13 13 13 4
13 13 13 4
13 13 13 4
13 13 13 4
13 13 13 4
13 13 13 4
23 23 23 4
23 23 23 4
39 8 8 1
39 8 8 1
39 8 8 1
8 8 8 1
8 8 8 1
