36 36 36 2
36 36 36 2
42 42 20 4
42 42 20 4
42 42 20 4
42 42 20 4
42 42 20 4
31 21 21 4
31 21 21 4
31 21 21 4
50 21 21 4
50 21 21 4
27 27 27 3
27 27 27 3
27 27 27 3
27 27 27 3
27 27 27 3
27 27 27 3
5 5 5 3
5 5 5 3
5 5 5 3
5 5 5 3
5 5 5 3
5 5 5 3
10 24 24 2
10 24 24 2
10 24 24 2
10 24 24 2
45 6 6 2
45 6 6 2
45 6 6 2
22 22 22 2
22 22 22 2
22 22 22 2
22 22 22 2
36 36 36 2
36 36 36 2
36 36 36 2
36 36 36 2
36 36 36 2
12 12 12 2
12 12 12 2
42 42 20 4
42 42 20 4
42 42 20 4
42 42 20 4
42 42 20 4
31 21 21 4
31 21 21 4
31 21 21 4
50 21 21 4
50 21 21 4
27 27 27 3
27 27 27 3
37 37 37 3
37 37 37 3
37 37 37 3
37 37 37 3
5 5 5 3
5 5 5 3
5 5 5 3
5 5 5 3
5 5 5 3
5 5 5 3
10 24 24 2
10 24 24 2
10 24 24 2
10 24 24 2
45 6 6 2
45 6 6 2
45 6 6 2
22 22 22 2
22 22 22 2
22 22 22 2
22 22 22 2
22 22 22 2
36 36 36 2
36 36 36 2
36 36 36 2
12 12 12 2
12 12 12 2
12 12 12 2
42 42 20 4
42 42 20 4
42 42 20 4
42 42 20 4
42 42 20 4
31 21 21 4
31 21 21 4
31 21 21 4
50 21 21 4
50 21 21 4
47 37 37 3
27 27 27 3
37 37 37 3
37 37 37 3
37 37 37 3
37 37 37 3
5 5 5 3
5 5 5 3
5 5 5 3
5 5 5 3
5 5 5 3
5 5 5 3
10 24 24 2
10 24 24 2
45 6 6 2
45 6 6 2
45 6 6 2
45 6 6 2
45 6 6 2
22 22 22 2
22 22 22 2
22 22 22 2
22 22 22 2
22 22 22 2
0 0 0 2
0 0 0 2
0 0 0 2
12 12 12 2
12 12 12 2
12 12 12 2
42 42 20 4
42 42 20 4
42 42 20 4
42 42 20 4
42 42 20 4
3 21 21 4
3 21 21 4
3 21 21 4
50 21 21 4
47 37 37 3
47 37 37 3
37 37 37 3
37 37 37 3
37 37 37 3
37 37 37 3
37 37 37 3
11 11 11 3
5 5 5 3
5 5 5 3
5 5 5 3
5 5 5 3
5 5 5 3
10 24 24 2
10 24 24 2
49 40 7 2
49 40 7 2
49 40 7 2
49 40 7 2
49 40 7 2
22 22 22 2
22 22 22 2
22 22 22 2
22 22 22 2
22 22 22 2
0 0 0 2
0 0 0 2
21 12 12 2
12 12 12 2
12 12 12 2
12 12 12 2
42 42 20 4
42 42 20 4
42 42 20 4
42 42 20 4
20 20 21 4
20 20 21 4
20 20 21 4
3 21 21 4
50 21 21 4
47 37 37 3
47 37 37 3
47 37 37 3
37 37 37 3
2 2 2 3
2 2 2 3
11 11 11 3
11 11 11 3
5 5 5 3
5 5 5 3
5 5 5 3
5 5 5 3
10 24 24 2
10 24 24 2
10 24 24 2
10 24 24 2
10 24 24 2
49 40 7 2
49 40 7 2
49 40 7 2
40 16 16 0
48 31 31 2
48 31 31 2
22 22 22 2
22 22 22 2
21 12 12 2
21 12 12 2
21 12 12 2
12 12 12 2
12 12 12 2
43 43 20 4
43 43 20 4
43 43 20 4
42 42 20 4
42 42 20 4
44 21 21 4
44 21 21 4
44 21 21 4
3 21 21 4
50 21 21 4
47 37 37 3
47 37 37 3
47 37 37 3
37 37 37 3
2 2 2 3
2 2 2 3
11 11 11 3
11 11 11 3
11 11 11 3
5 5 5 3
5 5 5 3
5 5 5 3
10 24 24 2
10 24 24 2
10 24 24 2
10 24 24 2
10 24 24 2
49 40 7 2
49 40 7 2
49 40 7 2
40 16 16 0
48 31 31 2
48 31 31 2
48 31 31 2
48 31 31 2
48 31 31 2
21 12 12 2
21 12 12 2
12 12 12 2
43 43 20 4
43 43 20 4
43 43 20 4
43 43 20 4
42 42 20 4
42 42 20 4
42 42 20 4
3 21 21 4
3 21 21 4
3 21 21 4
46 10 10 4
47 37 37 3
47 37 37 3
2 2 2 3
2 2 2 3
2 2 2 3
2 2 2 3
11 11 11 3
11 11 11 3
11 11 11 3
11 11 11 3
5 5 5 3
10 24 24 2
10 24 24 2
10 24 24 2
10 24 24 2
10 24 24 2
10 24 24 2
10 24 24 2
49 40 7 2
40 16 16 0
40 16 16 0
40 16 16 0
40 16 16 0
48 31 31 2
48 31 31 2
48 31 31 2
21 12 12 2
21 12 12 2
12 12 12 2
43 43 20 4
43 43 20 4
43 43 20 4
43 43 20 4
42 42 20 4
42 42 20 4
42 42 20 4
3 21 21 4
3 21 21 4
3 21 21 4
46 10 10 4
46 10 10 4
47 37 37 3
2 2 2 3
2 2 2 3
2 2 2 3
2 2 2 3
11 11 11 3
11 11 11 3
11 11 11 3
11 11 11 3
11 11 11 3
10 24 24 2
10 24 24 2
10 24 24 2
10 24 24 2
10 24 24 2
10 24 24 2
10 24 24 2
35 13 13 0
40 16 16 0
40 16 16 0
40 16 16 0
40 16 16 0
40 16 16 0
40 16 16 0
40 16 16 0
21 12 12 2
21 12 12 2
12 12 12 2
17 17 17 4
17 17 17 4
17 17 17 4
43 43 20 4
42 42 20 4
42 42 20 4
42 42 20 4
3 21 21 4
3 21 21 4
3 21 21 4
46 10 10 4
46 10 10 4
47 37 37 3
47 37 37 3
2 2 2 3
2 2 2 3
2 2 2 3
11 11 11 3
11 11 11 3
11 11 11 3
11 11 11 3
11 11 11 3
10 24 24 2
10 24 24 2
10 24 24 2
10 24 24 2
6 24 24 2
6 24 24 2
6 24 24 2
35 13 13 0
35 13 13 0
40 16 16 0
40 16 16 0
40 16 16 0
16 16 16 0
16 16 16 0
16 16 16 0
16 16 16 0
21 12 12 2
12 12 12 2
17 17 17 4
17 17 17 4
17 17 17 4
17 17 17 4
42 42 20 4
42 42 20 4
42 42 20 4
46 10 10 4
46 10 10 4
46 10 10 4
46 10 10 4
46 10 10 4
46 10 10 4
46 10 10 4
2 2 2 3
2 2 2 3
2 2 2 3
41 3 3 4
11 11 11 3
11 11 11 3
11 11 11 3
1 1 1 0
1 1 1 0
1 1 1 0
1 1 1 0
10 24 24 2
10 24 24 2
10 24 24 2
35 13 13 0
35 13 13 0
35 13 13 0
40 16 16 0
16 16 16 0
16 16 16 0
16 16 16 0
16 16 16 0
16 16 16 0
16 16 16 0
16 16 16 0
17 17 17 4
17 17 17 4
17 17 17 4
17 17 17 4
17 17 17 4
17 17 17 4
42 42 20 4
42 42 20 4
46 10 10 4
46 10 10 4
46 10 10 4
46 10 10 4
46 10 10 4
46 10 10 4
46 10 10 4
2 2 2 3
2 2 2 3
41 3 3 4
41 3 3 4
11 11 11 3
11 11 11 3
11 11 11 3
1 1 1 0
1 1 1 0
1 1 1 0
1 1 1 0
10 24 24 2
10 24 24 2
10 24 24 2
35 13 13 0
35 13 13 0
35 13 13 0
7 7 7 0
7 7 7 0
16 16 16 0
16 16 16 0
16 16 16 0
33 33 33 0
33 33 33 0
17 17 17 4
17 17 17 4
17 17 17 4
17 17 17 4
17 17 17 4
17 17 17 4
17 17 17 4
34 34 34 4
34 34 34 4
46 10 10 4
46 10 10 4
46 10 10 4
46 10 10 4
46 10 10 4
46 10 10 4
46 10 10 4
25 25 15 4
41 3 3 4
41 3 3 4
41 3 3 4
41 3 3 4
41 3 3 4
41 3 3 4
1 1 1 0
1 1 1 0
1 1 1 0
1 1 1 0
10 24 24 2
10 24 24 2
10 24 24 2
35 13 13 0
35 13 13 0
35 13 13 0
7 7 7 0
7 7 7 0
16 16 16 0
16 16 16 0
16 16 16 0
33 33 33 0
33 33 33 0
33 33 33 0
17 17 17 4
30 30 30 4
30 30 30 4
17 17 17 4
17 17 17 4
17 17 17 4
34 34 34 4
28 28 28 4
28 28 28 4
28 28 28 4
28 28 28 4
46 10 10 4
29 29 29 4
29 29 29 4
29 29 29 4
25 25 15 4
41 3 3 4
41 3 3 4
41 3 3 4
41 3 3 4
41 3 3 4
41 3 3 4
1 1 1 0
1 1 1 0
1 1 1 0
1 1 1 0
1 1 1 0
1 1 1 0
1 1 1 0
35 13 13 0
35 13 13 0
35 13 13 0
7 7 7 0
7 7 7 0
7 7 7 0
16 16 16 0
33 33 33 0
33 33 33 0
33 33 33 0
33 33 33 0
33 33 33 0
30 30 30 4
30 30 30 4
17 17 17 4
17 17 17 4
34 34 34 4
34 34 34 4
34 34 34 4
28 28 28 4
28 28 28 4
28 28 28 4
46 10 10 4
29 29 29 4
29 29 29 4
29 29 29 4
25 25 15 4
41 3 3 4
41 3 3 4
41 3 3 4
41 3 3 4
41 3 3 4
41 3 3 4
1 1 1 0
1 1 1 0
1 1 1 0
1 1 1 0
24 1 1 0
24 1 1 0
24 1 1 0
24 1 1 0
35 13 13 0
35 13 13 0
7 7 7 0
7 7 7 0
7 7 7 0
33 33 33 0
33 33 33 0
33 33 33 0
33 33 33 0
33 33 33 0
33 33 33 0
30 30 30 4
30 30 30 4
30 30 30 4
30 30 30 4
34 34 34 4
34 34 34 4
34 34 34 4
28 28 28 4
28 28 28 4
28 28 28 4
29 29 29 4
29 29 29 4
29 29 29 4
25 25 15 4
25 25 15 4
25 25 15 4
15 15 15 1
41 3 3 4
41 3 3 4
41 3 3 4
14 14 25 1
14 14 25 1
14 14 25 1
1 1 1 0
1 1 1 0
24 1 1 0
24 1 1 0
35 13 13 0
35 13 13 0
35 13 13 0
35 13 13 0
7 7 7 0
7 7 7 0
7 7 7 0
7 7 7 0
33 33 33 0
33 33 33 0
33 33 33 0
33 33 33 0
30 30 30 4
30 30 30 4
30 30 30 4
30 30 30 4
30 30 30 4
38 34 34 4
34 34 34 4
34 34 34 4
34 34 34 4
28 28 28 4
28 28 28 4
29 29 29 4
29 29 29 4
29 29 29 4
25 25 15 4
25 25 15 4
25 25 15 4
15 15 15 1
41 3 3 4
41 3 3 4
14 14 25 1
14 14 25 1
14 14 25 1
14 14 25 1
14 14 25 1
1 1 1 0
32 32 32 0
32 32 32 0
35 13 13 0
35 13 13 0
35 13 13 0
35 13 13 0
7 7 7 0
7 7 7 0
7 7 7 0
7 7 7 0
33 33 33 0
33 33 33 0
33 33 33 0
30 30 30 4
30 30 30 4
30 30 30 4
30 30 30 4
30 30 30 4
30 30 30 4
38 34 34 4
34 34 34 4
34 34 34 4
34 34 34 4
9 9 9 4
9 9 9 4
29 29 29 4
29 29 29 4
29 29 29 4
25 25 15 4
25 25 15 4
25 25 15 4
15 15 15 1
15 15 15 1
15 15 15 1
14 14 25 1
14 14 25 1
14 14 25 1
14 14 25 1
14 14 25 1
1 1 1 0
32 32 32 0
32 32 32 0
35 13 13 0
35 13 13 0
35 13 13 0
35 13 13 0
7 7 7 0
23 23 23 0
23 23 23 0
23 23 23 0
33 33 33 0
33 33 33 0
33 33 33 0
8 8 8 0
30 30 30 4
30 30 30 4
30 30 30 4
30 30 30 4
38 34 34 4
38 34 34 4
34 34 34 4
34 34 34 4
34 34 34 4
9 9 9 4
9 9 9 4
29 29 29 4
29 29 29 4
19 19 19 4
25 25 15 4
25 25 15 4
15 15 15 1
15 15 15 1
15 15 15 1
15 15 15 1
14 14 25 1
14 14 25 1
14 14 25 1
14 14 25 1
14 14 25 1
32 32 32 0
32 32 32 0
32 32 32 0
32 32 32 0
35 13 13 0
35 13 13 0
35 13 13 0
23 23 23 0
23 23 23 0
23 23 23 0
23 23 23 0
23 23 23 0
33 33 33 0
39 8 8 0
8 8 8 0
30 30 30 4
30 30 30 4
30 30 30 4
30 30 30 4
38 34 34 4
38 34 34 4
34 34 34 4
34 34 34 4
34 34 34 4
9 9 9 4
9 9 9 4
29 29 29 4
29 29 29 4
19 19 19 4
19 19 19 4
25 25 15 4
15 15 15 1
15 15 15 1
15 15 15 1
15 15 15 1
26 26 26 1
14 14 25 1
14 14 25 1
14 14 25 1
14 14 25 1
32 32 32 0
32 32 32 0
32 32 32 0
35 13 13 0
35 13 13 0
35 13 13 0
35 13 13 0
23 23 23 0
23 23 23 0
23 23 23 0
23 23 23 0
23 23 23 0
39 8 8 0
39 8 8 0
8 8 8 0
8 8 8 0
8 8 8 0
30 30 30 4
38 34 34 4
38 34 34 4
38 34 34 4
34 34 34 4
34 34 34 4
34 34 34 4
9 9 9 4
9 9 9 4
9 9 9 4
19 19 19 4
19 19 19 4
19 19 19 4
25 25 15 4
18 18 18 4
15 15 15 1
15 15 15 1
26 26 26 1
26 26 26 1
14 14 25 1
14 14 25 1
14 14 25 1
4 4 38 0
4 4 38 0
32 32 32 0
32 32 32 0
35 13 13 0
35 13 13 0
35 13 13 0
35 13 13 0
23 23 23 0
23 23 23 0
23 23 23 0
23 23 23 0
39 8 8 0
39 8 8 0
39 8 8 0
8 8 8 0
8 8 8 0
8 8 8 0
8 8 8 0
38 34 34 4
38 34 34 4
38 34 34 4
34 34 34 4
34 34 34 4
9 9 9 4
9 9 9 4
9 9 9 4
19 19 19 4
19 19 19 4
19 19 19 4
19 19 19 4
19 19 19 4
18 18 18 4
15 15 15 1
15 15 15 1
26 26 26 1
26 26 26 1
26 26 26 1
14 14 25 1
14 14 25 1
4 4 38 0
4 4 38 0
32 32 32 0
32 32 32 0
13 13 13 0
13 13 13 0
13 13 13 0
13 13 13 0
23 23 23 0
23 23 23 0
23 23 23 0
23 23 23 0
39 8 8 0
39 8 8 0
39 8 8 0
8 8 8 0
8 8 8 0
8 8 8 0
38 34 34 4
38 34 34 4
38 34 34 4
38 34 34 4
34 34 34 4
34 34 34 4
34 34 34 4
9 9 9 4
9 9 9 4
9 9 9 4
19 19 19 4
19 19 19 4
19 19 19 4
18 18 18 4
18 18 18 4
18 18 18 4
18 18 18 4
26 26 26 1
26 26 26 1
26 26 26 1
4 4 38 0
4 4 38 0
4 4 38 0
4 4 38 0
32 32 32 0
13 13 13 0
13 13 13 0
13 13 13 0
13 13 13 0
13 13 13 0
13 13 13 0
23 23 23 0
23 23 23 0
39 8 8 0
39 8 8 0
39 8 8 0
39 8 8 0
8 8 8 0
8 8 8 0
8 8 8 0
38 34 34 4
38 34 34 4
38 34 34 4
38 34 34 4
34 34 34 4
34 34 34 4
34 34 34 4
9 9 9 4
9 9 9 4
9 9 9 4
19 19 19 4
19 19 19 4
18 18 18 4
18 18 18 4
18 18 18 4
18 18 18 4
26 26 26 1
26 26 26 1
26 26 26 1
26 26 26 1
4 4 38 0
4 4 38 0
4 4 38 0
4 4 38 0
4 4 38 0
4 4 38 0
13 13 13 0
13 13 13 0
13 13 13 0
13 13 13 0
13 13 13 0
23 23 23 0
23 23 23 0
39 8 8 0
39 8 8 0
39 8 8 0
39 8 8 0
8 8 8 0
8 8 8 0
8 8 8 0
38 34 34 4
38 34 34 4
38 34 34 4
38 34 34 4
34 34 34 4
34 34 34 4
34 34 34 4
9 9 9 4
9 9 9 4
9 9 9 4
19 19 19 4
19 19 19 4
18 18 18 4
18 18 18 4
18 18 18 4
18 18 18 4
18 18 18 4
26 26 26 1
26 26 26 1
26 26 26 1
4 4 38 0
4 4 38 0
4 4 38 0
4 4 38 0
4 4 38 0
4 4 38 0
13 13 13 0
13 13 13 0
13 13 13 0
13 13 13 0
13 13 13 0
23 23 23 0
23 23 23 0
39 8 8 0
39 8 8 0
39 8 8 0
39 8 8 0
8 8 8 0
8 8 8 0
