4272948 2867822 2611472 682830 0 0 0 0 0 408 0 0 0 0 0 0 0 0 0 0 0 0 0 0
56814 362401 3198 0 0 0 0 0 0 0 0 0 0 0 0 0 0 0 0 0 0 0 0 0
3 285725 259 0 0 0 0 0 0 0 0 0 0 0 0 0 0 0 0 0 0 0 0 0
0 0 0 0 0 0 0 0 0 0 0 0 0 0 0 0 0 0 0 0 0 0 0 0
0 0 0 0 0 0 0 0 0 0 273658 605 0 0 0 0 0 464202 3444 0 0 0 0 0
0 0 0 0 0 0 0 0 0 0 0 0 0 0 0 0 0 0 0 0 0 0 0 0
0 0 0 0 0 0 0 0 8626 0 598520 0 0 0 0 0 0 0 726767 0 0 0 0 0
0 0 0 0 0 0 0 0 0 0 0 0 0 0 0 0 0 0 0 0 0 0 0 0
0 0 0 0 0 0 0 0 0 0 0 0 0 0 0 0 0 0 0 0 0 0 0 0
0 0 0 0 0 0 0 0 0 0 0 0 0 0 0 0 0 0 0 0 0 0 0 0
0 0 0 0 0 3057 542771 0 0 907486 1144686 605 0 0 0 0 0 0 0 0 0 0 0 0
0 17938 2172310 969 35809 2176025 10770869 1813956 255 456 2492394 0 0 0 0 0 0 0 0 0 0 0 0 467
0 61471 119145 9088 43890 34701 558957 4296821 44931 220689 0 84099 0 6750 2455 5134 2267 0 0 7905 0 0 0 51
0 0 37078 27504 29053 24869 520490 0 15800 290178 908120 42292 246087 1028 30970 233314 7172 0 0 0 0 0 0 0
74279489 99121658 21109256 6397246 1278951 3654679 4291434 846693 504697 25719 12816 12257 9208 193 124 9835 0 0 0 0 0 0 0 5194689
42009698 10113748 15191659 20970530 1059443 654953 116731 83758 6788 63333 96324 0 0 3961 6442 0 0 0 0 0 0 0 30127 7597913
69120234 10176471 40667779 31889419 0 10520 221024 639 973 23683 0 0 0 0 0 0 0 0 0 0 0 0 26181844 14270610
106549991 156324785 92553377 128620 2076 494 0 0 0 0 0 0 0 70348 1350143 0 0 0 0 1703802 30220641 69818208 18614142 9963327
139447998 166089600 228103447 1672675 7796426 10513 0 0 0 0 0 40 0 0 0 0 0 0 6687048 5635561 6452393 26643896 8333631 21761597
41113083 172067173 252420620 120695424 45455320 74134561 427195 0 0 0 0 0 0 0 0 0 0 3073744 36378223 10704725 8318695 13706529 35184946 64318495
4457557 1102772 4441620 41059191 11689217 1165905 14011 46889 238223 13 226 572 5406 0 0 0 0 8320714 6998507 2616396 996602 3346069 6101337 1970911
541063 139435 58023 208302 319736 10376 119362 14609 28839 5183 233 0 1176 30512 45774 431752 125469 226410 362731 2000077 547989 74968 13536 3863
6672 74435 80886 58899 130063 20261 30686 15564 7808 13112 23825 8240 6223 18016 9233 123263 8282 3749 3488 23041 1539 2942 4976 4110
261 290 11 1 0 123 40 0 0 0 0 0 0 0 0 0 0 0 0 12 28 346 16 1133
0 0 0 0 0 0 0 0 0 0 0 0 0 0 0 0 0 0 0 0 0 0 22 8
0 0 0 0 0 0 0 0 0 0 0 0 0 0 0 0 0 0 0 0 0 0 0 0
0 0 0 0 0 0 0 0 0 0 0 0 0 0 0 0 0 0 0 0 0 0 0 0
1 753 84 0 0 0 0 0 0 0 0 0 384 2196 3 0 0 37 1 7 0 0 0 0
1540 2525 600 24678 0 808 0 5672 14469 1 0 0 96500 354915 304374 831022 27401 85719 136688 98274 185530 27957 196296 3887
5011 9817 3 18173 10337 2284 0 260035 56359 9365 115730 1268483 3820691 5063537 6111365 7639099 3268077 1252767 676195 319568 1354190 35592 32762 34811
239535 655087 136123 192112 0 0 0 0 0 2672954 64039882 75731657 82608299 53440918 32555987 23762154 61585419 12466344 9682638 4725782 4295582 8263509 4625090 1139669
42309020 12091994 1232055 292360 0 0 0 0 0 6878375 17574955 34855859 56831876 38211882 35982178 24757547 35324300 1191303 4995489 13781643 11531703 9116033 6482321 388706
31140014 25583 45593 0 0 0 4364 241020 255956 19632354 48725895 33920127 22330336 10109521 17819973 122181869 120913228 36344338 18848489 93873494 164852067 3545751 777538 4902909
9370782 4167456 0 0 0 0 0 0 2280465 1579929 300873 472811 360473 384582 146711 31663038 32161805 22678537 7391053 87113875 355514178 385093619 345292624 59333297
9008787 10980569 1845578 0 0 0 0 568373 17635334 12627481 21656502 26913469 36845057 7013309 10013935 52452643 27781819 936272 0 0 152611393 69535562 161243 54598418
48676680 24463707 8195674 1076730 2793 0 0 0 490781 25519553 54242001 112314648 96474600 20553420 14560253 136160029 10126999 197498 0 0 69769312 29958875 219053 31880127
9862526 518868 2969650 2408184 12336797 11913024 1861889 0 0 0 0 199383 8656567 28060706 17018388 135226751 19770 94299 0 0 52960 0 0 5315708
21607127 8044943 2690511 3247035 12493316 26093016 11065910 0 664 458 6311 0 14023533 16192685 21372963 64423458 6481578 14475 0 0 0 0 0 596
0 9125401 7816429 21633687 79801436 14171992 0 0 0 0 0 0 94351 2753880 23958702 33738335 20271667 1811949 420452 0 0 0 0 0
19945 15190422 27018667 13704371 1392183 0 0 0 0 0 0 0 0 5948432 10084794 11842546 0 0 0 0 0 0 0 0
