60731 346707 774673 113127 1618 7778 2916 226382 6270 0 0 7905 0 0 0 51 0 9125401 7816429 21633687 79801436 14171992 0 0
255 2204 20498 0 0 0 0 0 0 0 0 0 0 0 0 467 19945 15190422 27018667 13704371 1392183 0 0 0
0 791406 3616582 605 0 0 0 0 0 0 0 0 0 0 0 0 4272948 2867822 2611472 682830 0 0 0 0
0 116080 0 0 0 0 0 0 0 0 0 0 0 0 0 0 56814 362401 3198 0 0 0 0 0
0 0 0 0 0 0 0 0 0 0 0 0 0 0 0 0 3 285725 259 0 0 0 0 0
0 0 0 0 0 0 0 0 0 0 0 0 0 0 0 0 0 0 0 0 0 0 0 0
8626 0 598520 0 0 0 0 0 0 726754 13 0 0 0 0 0 0 0 0 0 0 0 0 0
0 0 0 0 0 0 0 0 0 0 0 0 0 0 0 0 0 0 0 0 0 0 0 0
0 0 273658 605 0 0 0 0 0 0 464202 3444 0 0 0 0 0 0 0 0 0 0 0 0
0 0 0 0 0 0 0 0 0 0 0 0 0 0 0 0 0 0 0 0 0 0 0 0
0 0 0 0 0 0 0 0 0 0 0 0 0 0 0 0 0 0 0 0 0 0 0 0
0 0 0 0 0 0 0 0 0 0 0 0 0 0 0 0 0 0 0 0 0 0 0 0
0 8 0 0 0 0 0 0 0 0 0 0 0 0 0 0 0 0 0 0 0 3057 542771 0
0 400 0 0 0 5625698 5137335 484211 0 0 0 0 0 0 0 0 0 17938 2172310 969 35809 2176025 10770869 1813956
0 0 0 0 8726 1316698 25926370 30434120 0 8650133 0 0 0 0 0 0 0 61471 119145 9088 43890 34701 558957 4296821
0 0 6311 0 2342812 4724543 9808976 35632150 10566504 18119970 420452 0 0 0 0 0 0 0 37078 27504 29053 24869 520490 0
664 458 0 0 18480394 37681386 25901283 48455169 27821977 1903865 0 0 0 0 0 22165 74279489 99121658 21109256 6397246 1278951 3654679 4291434 846693
0 9678401 39915389 89532360 52836108 14852170 13216521 105131338 64920765 0 0 0 542928 19990725 7543 33112749 42009698 10113748 15191659 20970530 1059443 654953 116731 83758
15235795 25839309 34379558 49098257 81918861 16138525 16758211 24669693 94859211 436702 0 0 136793849 35416479 364658 27144301 69120234 10176471 40667779 31889419 0 10520 221024 639
3201115 2788973 1617140 1000256 635152 285619 328536 15796569 41321267 14669415 3511994 59541051 288534506 273571485 299386292 77476070 106549991 156324785 92553377 128620 2076 494 0 0
2225626 10622212 5353521 1558877 3809454 2367912 1151853 114986538 36847413 18688464 7202766 65774287 276208464 157096993 46569447 14924743 139447998 166089600 228103447 1672675 7796426 10513 0 0
0 17308797 55294282 50262227 37546523 24467416 32357849 49320829 115941695 26932213 20193952 68957746 51631337 7767084 5571375 3585642 41113083 172067173 252420620 120695424 45455320 74134561 427195 0
0 2468476 63231542 92901533 111298992 73726242 48574494 29545226 44442513 7257691 3347846 3189150 3137819 7980310 3676726 666635 4457557 1102772 4441620 41059191 11689217 1165905 14011 46889
0 206106 6842763 1147252 12551293 5848683 9003917 9930895 32660170 6783688 7307034 2231782 2812196 3719323 2012154 655394 541063 139435 58023 208302 319736 10376 119362 14609
70828 7738 21643 175675 713968 1052895 1764278 1211612 907444 384084 166945 218224 505517 34431 198383 10070 6672 74435 80886 58899 130063 20261 30686 15564
0 0 0 0 384 2196 3 0 0 521 15 403 299 68 349 359 261 290 11 1 0 123 40 0
0 0 0 0 0 0 0 0 37 0 1 0 0 0 0 0 0 0 0 0 0 0 0 0
0 0 0 0 0 0 0 0 0 0 0 0 0 0 0 0 0 0 0 0 0 0 0 0
0 0 0 0 0 0 0 0 0 0 0 0 0 0 0 0 0 0 0 0 0 0 0 0
0 0 0 0 0 0 0 0 0 0 0 3 11 6 33 24 1 753 84 0 0 0 0 0
5537 11145 2606 4651 1586 8028 7456 8065 439 8288 558 1335 1554 1475 1614 4202 1540 2525 600 24678 0 808 0 5672
12193 6489 21452 3589 5657 37703 33379 540288 6223 44282 19170 30886 3089 5629 3374 1025 5011 9817 3 18173 10337 2284 0 260035
257140 674 226 572 5562 2797 14172 0 0 4094015 2974382 3793423 1196769 1508877 245359 160061 239535 655087 136123 192112 0 0 0 0
0 0 0 0 0 0 0 0 0 5573056 5588363 3612704 1143099 5489294 23401249 28580158 42309020 12091994 1232055 292360 0 0 0 0
0 0 0 0 0 0 0 0 0 0 43885249 11152905 11010434 28889965 25799983 45128577 31140014 25583 45593 0 0 0 4364 241020
0 0 0 40 0 70348 1350143 0 0 0 1002 4091411 32477470 63131082 4264294 23749165 9370782 4167456 0 0 0 0 0 0
0 0 0 0 0 0 0 0 0 0 0 947 705461 14566630 40718544 5688183 9008787 10980569 1845578 0 0 0 0 568373
7761 77324 54865 0 0 3961 6442 0 0 0 0 0 0 0 0 9192322 48676680 24463707 8195674 1076730 2793 0 0 0
451806 9977 52578 0 1305 0 8571 0 0 0 0 0 0 0 30127 11130807 9862526 518868 2969650 2408184 12336797 11913024 1861889 0
52891 187846 135144 25521 252372 193 30509 12066 4557 0 0 0 0 0 0 1452132 21607127 8044943 2690511 3247035 12493316 26093016 11065910 0
