0 548 0 0 0 0 384 104072 55025 77720 99 2333 2247 5093 5268 16374 180549 3644 2779 3994 1111 7473 2915 5710
0 0 0 0 0 0 0 0 0 0 37 0 1 0 0 0 0 0 0 0 0 0 0 0
0 0 0 0 0 0 0 0 0 0 0 0 0 0 0 0 0 0 0 0 0 0 0 0
0 0 0 0 0 0 0 0 0 0 0 0 0 0 0 0 0 0 0 0 0 0 0 0
0 0 0 0 0 0 0 0 0 0 0 0 0 3 11 0 22 8 1 0 84 0 0 0
2401 538 200 3565 1162 72 0 732 6021 7121 38 1193 918 9 17 346 862 2699 1501 1841 0 6024 0 0
147687 25951 17530 14069 22896 8168 7243 44999 34814 541232 6624 50924 19263 32212 4626 6764 4137 2544 5050 11254 603 36827 10337 3092
0 47818 257140 674 226 572 5562 2797 14172 0 0 311340 346491 1990906 544902 71146 13529 3863 12545 17364 14645 15928 0 0
441206 2755 0 0 0 0 0 0 0 0 0 9355731 8216254 5415221 1794966 6927025 23633079 28736356 42536010 12729717 1353533 468544 0 0
0 0 0 0 0 0 0 0 0 0 0 2038727 35160476 7905900 7520331 10125573 17653204 37553050 31140014 0 0 0 0 0
0 0 0 0 0 40 0 0 0 0 0 0 6687048 7338409 13753658 34765390 8333631 29492785 372444 25583 45593 0 0 0
220141 0 0 0 0 0 0 70348 1350143 0 0 0 0 954 22919376 61696714 44795986 7520090 18007125 15148025 1845578 0 0 0
3440 82517 7761 74711 0 0 0 1071 0 0 0 0 0 0 0 0 0 8982659 36791029 24315879 7686761 935039 0 0
2398433 579760 3213 12305 98031 0 20 2890 6449 0 0 0 0 0 0 0 30127 11340470 21748177 666696 3478563 2549875 12339590 11913024
2007175 268813 501484 25719 11109 12257 9188 193 117 0 9835 0 0 0 0 0 0 1452132 20023699 1466907 1935797 1062140 3394545 21538359
839372 49921 60731 509119 908120 126391 246087 7778 33425 236988 9385 0 0 0 0 0 0 0 1583428 12730373 4974285 11489487 79981993 18726649
4855631 6060856 255 2204 20498 0 0 0 0 1460 54 0 0 7905 0 0 0 518 19945 18163486 30615525 26033466 10310397 0
6430698 0 0 16133 3601423 0 0 0 0 0 0 0 0 0 0 0 0 0 4060242 2312435 2606541 682830 0 0
267386 0 0 891353 15159 605 0 0 0 0 0 0 0 0 0 0 0 0 269520 917788 8129 0 0 0
0 0 0 0 0 0 0 0 0 0 0 0 0 0 0 0 0 0 3 285725 259 0 0 0
0 0 0 0 0 0 0 0 0 0 0 0 0 0 0 0 0 0 0 0 0 0 0 0
0 0 8626 0 598520 0 0 0 0 0 0 726754 13 0 0 0 0 0 0 0 0 0 0 0
0 0 0 0 0 0 0 0 0 0 0 0 0 0 0 0 0 0 0 0 0 0 0 0
0 0 0 0 273658 605 0 0 0 0 0 0 464202 3444 0 0 0 0 0 0 0 0 0 0
0 0 0 0 0 0 0 0 0 0 0 0 0 0 0 0 0 0 0 0 0 0 0 0
0 0 0 0 0 0 0 0 0 0 0 0 0 0 0 0 0 0 0 0 0 0 0 0
0 0 0 0 0 0 0 0 0 0 0 0 0 0 0 0 0 0 0 0 0 0 0 0
0 0 0 0 0 0 0 0 0 0 0 0 0 0 0 0 0 0 0 0 0 0 0 0
0 0 0 408 0 0 0 5625698 5137335 484211 0 0 0 0 0 0 0 0 0 17938 2172310 969 35809 2179082
0 0 0 0 0 0 0 446304 24501588 23956162 0 1452953 0 0 0 0 0 0 0 57091 82603 4212 9389 9360
0 0 0 0 6311 0 2351538 5594937 11233758 42110108 10566504 25317150 420452 0 0 0 0 0 0 4380 73620 32380 63554 50210
11065910 0 664 458 0 0 11766346 13228058 14543778 18297886 14589468 1809566 0 0 0 0 0 596 33728675 96037324 10059326 4107710 330875 760300
1861889 0 0 98720 0 735204 19576477 35359326 22606988 128458699 38088085 4418690 0 0 289723 0 0 21714491 76603709 12691020 20033769 7399311 1986034 3548954
0 369520 15235795 35418990 74294947 137895413 121892540 20084697 18725249 31499615 106594684 24442027 0 0 137047054 55407204 372201 38564128 75077037 10683533 46875599 47750174 21485 10898
0 198853 3051551 2711811 1615014 860688 544786 248717 267708 10600795 29705090 777169 315444 13454331 196607036 113644879 44952378 54719936 65997188 47962505 14881956 19323 0 0
0 0 2375190 10699374 5355647 1698445 3899820 2404814 1212681 120182312 48463590 32580710 10399316 111861007 368135934 317023599 301003361 37680877 180000801 274451880 305774868 1781972 7798502 11007
4364 241020 0 10430422 43659663 32630688 18753410 8023984 16746634 33018740 93746625 26362064 15524782 55672031 40720163 2058125 122518 3351027 39999899 161643181 229120496 76539884 41989472 68121386
0 0 0 6878375 29217735 82664867 100354495 70205189 53702208 39614573 49549280 2541589 5575761 15170648 12688472 10533113 7027480 616391 3414194 10890590 27457620 84697188 15121855 7084160
0 0 0 2674582 52491189 29015457 42288903 25813168 19487418 16163637 49748473 12069939 9748289 3535999 4172717 6875479 4110257 911984 2687742 727150 305626 647850 36162 95838
0 265159 70828 7738 21643 175675 713968 951019 1709256 1133892 907345 382272 164713 213534 500548 18125 18183 35054 14022 119190 116307 129422 443932 24132
