0 0 0 0 0 0 0 0 0 0 0 0 0 0 0 0 0 0 0 0 0 0 0 0
0 0 0 0 0 0 0 0 0 0 0 0 0 0 0 0 0 0 0 0 0 0 0 0
0 0 0 0 0 0 0 0 0 0 0 0 0 0 0 0 0 0 0 0 0 0 0 0
0 0 0 0 0 408 0 0 0 0 0 0 0 0 0 0 0 0 0 0 0 0 13 0
10310397 0 0 0 0 0 0 0 0 6072002 29638923 24440373 0 1452953 0 0 0 0 0 0 0 66177 2251354 2406
70883222 14171992 0 0 0 0 0 0 94351 2630310 4404573 19829440 1311068 20630663 420452 0 0 0 0 0 0 13232 77149 20275
12493316 26093016 11065910 0 664 458 6311 0 14023533 16192685 21372963 40578554 23844904 6496053 0 0 0 0 0 596 33728675 96037324 10059343 4122590
12336797 11913024 1861889 0 0 0 0 199383 8656567 28060706 17018388 101110222 34116529 114069 0 0 52960 0 0 5315708 51157244 9084813 18313408 4744021
2793 0 0 0 490781 25519553 54242001 112314648 96474600 20553420 14560253 43593417 92566612 10324497 0 0 69769312 29958875 219053 31880127 75148031 5592590 10069459 42618178
0 0 0 568373 17796565 12709968 21667960 26977274 36882636 7078614 10021304 25855470 37705230 29198808 315444 124964479 152611393 69535562 161243 54598418 48480676 13577865 53105900 7806609
0 0 0 0 2119234 1497442 289415 409006 322894 319277 139342 31019183 4120278 39775145 7075609 73659544 244004030 315535973 300348341 173835226 151805594 232691177 144649230 1470991
0 0 4364 241020 255956 19632354 48725895 33920127 22330336 10109521 17819973 122181869 120913228 36344338 18848489 93873494 164852067 3545751 777538 4902909 111087089 246485674 390548691 76850865
0 0 0 0 0 6878375 17574955 34855859 56831876 38211882 35982178 24757547 35324300 1191303 4995489 13781643 11531703 9116033 6482321 388706 1369942 10626652 25781503 78457211
0 0 0 0 0 2672954 64039882 75731657 82608299 53440918 32555987 23762154 61585419 12466344 9682638 4725782 4295582 8263509 4625090 1139669 4731994 991088 1981743 6887827
10337 3092 0 265159 70828 9366 115730 1268483 3820691 5063537 6111365 7639099 3268077 1252767 676195 319568 1354190 35592 32762 34811 12694 95931 114952 126767
0 0 0 548 0 0 0 0 96500 354915 304374 831022 27401 85719 136688 98274 185530 27957 196296 3887 4088 27250 2466 10128
0 0 0 0 0 0 0 0 384 2196 3 0 37 0 1 7 0 0 0 0 19 3 0 0
0 0 0 0 0 0 0 0 0 0 0 0 0 0 0 0 0 0 0 0 0 0 0 0
0 0 0 0 0 0 0 0 0 0 0 0 0 0 0 0 0 0 0 0 0 0 0 0
0 0 0 0 0 0 0 0 0 0 0 0 0 0 0 0 0 0 22 8 1 0 84 0
2915 5710 2401 538 0 0 0 0 0 0 0 0 0 0 0 12 28 346 16 1133 0 863 0 1082
127148 14674 28325 15026 7808 13112 23825 8240 6223 18016 9233 119110 4153 8282 7237 23041 1539 2942 4976 4110 4574 9481 603 41769
352946 105296 119362 58743 267062 5196 459 572 6582 30512 45774 429243 2509 351879 362731 2000077 547989 74968 13536 3863 14522 20115 14645 15928
11656007 1070985 14011 2755 0 0 0 0 0 0 0 0 0 8320714 6998507 2616396 996602 3346069 6101337 1970911 9091584 3628381 1347213 468544
45455320 74134561 427195 0 0 0 0 0 0 0 0 0 0 3073744 36378223 10704725 8318695 13706529 35184946 64318495 64584440 9101336 6320 0
7796426 10513 0 0 0 0 0 40 0 0 0 0 0 0 6687048 5635561 6452393 26643896 8333631 21761597 63586 25583 45593 0
2076 494 0 0 0 0 0 0 0 70348 1350143 0 0 0 0 1703802 30220641 69818208 18614142 9963327 18190492 14577796 779503 0
21485 10898 223581 82517 7761 74711 0 0 0 1071 0 0 0 0 0 0 0 0 26181844 14270610 36916520 24886108 8752836 935039
1037958 654575 114174 1880 0 12305 96324 0 0 2890 6442 0 0 0 0 0 0 0 30127 7597913 18878928 283995 650541 1908306
1278951 3654679 4291434 846693 504697 25719 12816 12257 9208 193 124 0 9835 0 0 0 0 0 0 5194689 22892948 1849608 4763819 1703709
29053 24869 520490 0 15800 290178 908120 42292 246087 1028 30970 233314 6941 231 0 0 0 0 0 0 1583428 11348741 3769275 4423322
43890 34701 558957 4296821 44931 220689 0 84099 0 6750 2455 5134 2267 0 0 7905 0 0 0 51 0 6045686 9055029 29522382
35809 2179082 11046254 1813956 255 16589 3621921 0 0 0 0 0 0 0 0 0 0 0 0 467 4080187 15811867 25372047 4260079
0 0 267386 0 0 891353 15159 605 0 0 0 0 0 0 0 0 0 0 0 0 222392 750520 4931 0
0 0 0 0 0 0 0 0 0 0 0 0 0 0 0 0 0 0 0 0 47131 452993 3457 0
0 0 0 0 0 0 0 0 0 0 0 0 0 0 0 0 0 0 0 0 0 0 0 0
0 0 0 0 0 0 0 0 0 0 0 0 0 0 0 0 0 0 0 0 0 0 0 0
0 0 0 0 8626 0 598520 0 0 0 0 0 0 726754 13 0 0 0 0 0 0 0 0 0
0 0 0 0 0 0 0 0 0 0 0 0 0 0 0 0 0 0 0 0 0 0 0 0
0 0 0 0 0 0 273658 605 0 0 0 0 0 0 464202 3444 0 0 0 0 0 0 0 0
