353798167 25286095 49747437 57570272 0 0 0 0 0 40 0 0 0 0 0 0 30007082 12206900 8694592 32125299 17598857 42688325 6193759 25583
77973978 109297 2076 494 0 0 0 0 0 0 0 70348 1350143 0 0 0 0 1702855 29515180 55251578 4077442 9563095 9307196 4167456
55247178 31908742 0 10520 221024 639 973 23683 0 0 0 0 0 0 0 0 0 947 705461 14566630 40718544 14381262 19903152 33836321
15191659 20970530 1059443 654953 116731 83758 6788 63333 96324 0 0 3961 6442 0 0 0 0 0 0 0 30127 7887493 44775592 1744122
20978037 5528202 1124048 3636872 4133541 804018 451806 285 11119 0 1305 0 124 0 8447 0 0 0 0 0 0 5194689 8283409 735416
168297 896548 183956 42676 678383 42675 68691 315612 909817 54549 253990 1221 30970 233314 8329 231 0 0 0 0 0 0 16192967 12462933
40088 7651 41666 26719 384231 3183856 44931 218941 0 84099 0 6750 2455 5134 1058 1209 0 7905 0 0 0 51 0 4354696
2251367 2406 38033 2184007 10945595 2926921 255 2204 2492394 0 0 0 0 0 0 0 0 0 0 0 0 467 2391769 16314881
0 0 0 3057 542771 0 0 907486 1144686 605 0 0 0 0 0 0 0 0 0 0 0 0 1901124 1743363
0 0 0 0 0 0 0 0 0 0 0 0 0 0 0 0 0 0 0 0 0 0 56817 648126
0 0 0 0 0 0 0 0 0 0 0 0 0 0 0 0 0 0 0 0 0 0 0 0
0 0 0 0 0 0 0 0 0 0 0 0 0 0 0 0 0 0 0 0 0 0 0 0
0 0 0 0 0 0 8626 0 598520 0 0 0 0 0 0 726754 13 0 0 0 0 0 0 0
0 0 0 0 0 0 0 0 0 0 0 0 0 0 0 0 0 0 0 0 0 0 0 0
0 0 0 0 0 0 0 0 273658 605 0 0 0 0 0 0 464202 3444 0 0 0 0 0 0
0 0 0 0 0 0 0 0 0 0 0 0 0 0 0 0 0 0 0 0 0 0 0 0
0 0 0 0 0 0 0 0 0 0 0 0 0 0 0 0 0 0 0 0 0 0 0 0
3457 0 0 0 0 0 0 0 0 0 0 0 0 0 0 0 0 0 0 0 0 0 0 0
478005 0 0 0 0 0 0 8 0 0 0 0 0 0 0 0 0 0 0 0 0 0 0 0
29152134 14387201 1392183 0 0 0 0 400 0 0 0 5948432 10084794 11842546 0 0 0 0 0 0 0 0 0 66177
7816429 21633687 79801436 14171992 0 0 0 0 0 0 8726 993964 20978911 19075785 0 8650133 0 0 0 0 0 0 0 13232
1943500 2932021 10828140 16826389 553 0 0 0 6311 0 5009386 11715764 17042140 44511931 15365411 19929295 420452 0 0 0 0 596 2205 0
3716661 2723198 14001973 21179651 12927246 0 664 458 0 199383 17756339 34297543 24329002 110528327 43907090 114310 0 0 52960 0 0 5315708 84883714 105122137
1559597 1076730 2793 0 0 0 0 9678401 39915389 89332977 50893589 11244792 7555638 34178399 37718995 6297980 0 0 489968 19990725 7543 27818610 31403268 4113269
8481655 0 0 0 0 568373 18126115 28468633 35983114 49895140 82426068 16321937 17018550 34626633 82088645 32744608 0 0 221890737 79503712 372753 58659935 92225439 15057186
0 0 0 0 0 0 2280465 1867218 13584 203373 127945 102207 68197 5839629 12908034 23545308 3511994 59541051 203437618 229484252 299378197 45960436 83444786 151444070
45593 0 0 0 0 0 255956 13963988 28277782 32056698 17974654 2988775 2191002 125416587 28937985 104736426 17366497 97552432 311142900 157337662 46622670 15792270 169659743 280850526
1232055 292360 0 0 4364 241020 0 12546741 38023068 36719288 61689524 45615003 51689663 47346238 38200265 40285493 10356540 37675529 17317430 10933489 6551616 2872206 11158096 57508907
133834 192112 0 0 0 0 0 2468476 57291206 75677213 73260229 51957792 28203531 21089768 31313283 6636537 3021527 2693222 2517290 4573236 2643262 512544 4200799 900112
2292 18173 10337 2284 0 260035 56359 213843 6864406 1322927 13168761 6546663 10463821 10311485 33540213 7082574 7337306 2352128 3132482 3725865 2014590 661936 543889 186907
600 23596 0 808 0 5672 14469 1 0 0 96500 354915 304374 831022 27401 85198 136673 97878 185231 27889 195947 3528 3846 26963
84 1082 0 0 0 0 0 0 0 0 384 2196 3 0 37 521 16 403 299 68 349 359 261 290
0 0 0 0 0 0 0 0 0 0 0 0 0 0 0 0 0 0 0 0 0 0 0 0
0 0 0 0 0 0 0 0 0 0 0 0 0 0 0 0 0 0 0 0 0 0 0 0
0 0 0 0 0 0 0 0 0 0 0 0 0 0 0 0 0 0 0 0 0 0 0 0
11 1 0 123 40 0 0 0 0 0 0 0 0 0 0 0 0 12 28 346 38 1141 1 863
2455 10127 18229 10647 12560 6144 5537 11145 2606 4651 1586 8028 7456 8065 439 6949 1897 1326 1537 1135 1609 3085 1540 2415
136454 257074 431570 19990 137488 24029 31110 7150 21452 3589 5813 40241 47551 540288 6223 139414 239627 114712 26085 33378 4823 2882 8496 12089
4441620 41059191 11689217 1165905 14011 46889 238223 13 226 572 5406 259 0 0 0 8536922 7124541 4523476 1518508 3389466 6113417 1972917 9100644 3643473
126725900 97082004 3504309 16574802 427195 0 0 0 0 0 0 0 0 0 0 3073744 13058189 4133386 6076496 8225126 25919720 43391767 58454267 9101336
