115941695 26932213 20193952 68957746 51631337 7767084 5571375 3585642 41113083 172067173 252420620 120695424 45455320 74134561 427195 0 0 0 0 0 0 0 0 0
44442513 7257691 3347846 3189150 3137819 7980310 3676726 666635 4457557 1102772 4441620 41059191 11689217 1165905 14011 46889 238223 13 226 572 5406 259 0 0
32660170 6783688 7307034 2231782 2812196 3719323 2012154 655394 541063 139435 58023 208302 319736 10376 119362 14609 28839 5183 233 0 1176 30253 45774 429243
907444 384084 166945 218224 505517 34431 198383 10070 6672 74435 80886 58899 130063 20261 30686 15564 7808 13112 23825 8240 6223 18016 9233 119110
0 521 15 403 299 68 349 359 261 290 11 1 0 123 40 0 0 0 0 0 0 0 0 0
37 0 1 0 0 0 0 0 0 0 0 0 0 0 0 0 0 0 0 0 0 0 0 0
0 0 0 0 0 0 0 0 0 0 0 0 0 0 0 0 0 0 0 0 0 0 0 0
0 0 0 0 0 0 0 0 0 0 0 0 0 0 0 0 0 0 0 0 0 0 0 0
0 0 0 3 11 6 33 24 1 753 84 0 0 0 0 0 0 0 0 0 384 2196 3 0
7388 1339 558 1335 1554 1475 1614 4202 1540 2525 600 24678 0 808 0 5672 14469 1 0 0 96500 354915 304374 831022
39583 10922 19170 30886 3089 5629 3374 1025 5011 9817 3 18173 10337 2284 0 260035 56359 9365 115730 1268483 3820691 5063537 6111365 7639099
93442 4000573 2974382 3793423 1196769 1508877 245359 160061 239535 655087 136123 192112 0 0 0 0 0 2672954 64039882 75731657 82608299 53440918 32555987 23762154
0 5573056 5588363 3612704 1143099 5489294 23401249 28580158 42309020 12091994 1232055 292360 0 0 0 0 0 6878375 17574955 34855859 56831876 38211882 35982178 24757547
0 2038727 41846522 11152905 11010434 28889965 25799983 45128577 31140014 25583 45593 0 0 0 4364 241020 255956 19632354 48725895 33920127 22330336 10109521 17819973 122181869
0 0 1002 4091411 32477470 63131082 4264294 23749165 9370782 4167456 0 0 0 0 0 0 2280465 1579929 300873 472811 360473 384582 146711 31663038
0 0 0 947 705461 14566630 40718544 5688183 9008787 10980569 1845578 0 0 0 0 568373 17635334 12627481 21656502 26913469 36845057 7013309 10013935 25211615
0 0 0 0 0 0 0 9192322 48676680 24463707 8195674 1076730 2793 0 0 0 490781 25519553 54242001 112314648 96474600 20553420 14560253 43593417
0 0 0 0 0 0 30127 11130807 9862526 518868 2969650 2408184 12336797 11913024 1861889 0 0 0 0 199383 8656567 28060706 17018388 101110222
13004 0 0 0 0 0 0 1452132 21607127 8044943 2690511 3247035 12493316 26093016 11065910 0 664 458 6311 0 14023533 16192685 21372963 40578554
6270 0 0 7905 0 0 0 51 0 9125401 7816429 21633687 79801436 14171992 0 0 0 0 0 0 94351 2753880 23958702 32427267
0 0 0 0 0 0 0 467 19945 15190422 27018667 13704371 1392183 0 0 0 0 0 0 0 0 5948432 10084794 11842546
0 0 0 0 0 0 0 0 4272948 2867822 2611472 682830 0 0 0 0 0 408 0 0 0 0 0 0
0 0 0 0 0 0 0 0 56814 362401 3198 0 0 0 0 0 0 0 0 0 0 0 0 0
0 0 0 0 0 0 0 0 3 285725 259 0 0 0 0 0 0 0 0 0 0 0 0 0
0 0 0 0 0 0 0 0 0 0 0 0 0 0 0 0 0 0 0 0 0 0 0 0
0 726754 13 0 0 0 0 0 0 0 0 0 0 0 0 0 0 0 273658 605 0 0 0 0
0 0 0 0 0 0 0 0 0 0 0 0 0 0 0 0 0 0 0 0 0 0 0 0
0 464202 3444 0 0 0 0 0 0 0 0 0 0 0 0 0 8626 0 598520 0 0 0 0 0
0 0 0 0 0 0 0 0 0 0 0 0 0 0 0 0 0 0 0 0 0 0 0 0
0 0 0 0 0 0 0 0 0 0 0 0 0 0 0 0 0 0 0 0 0 0 0 0
0 0 0 0 0 0 0 0 0 0 0 0 0 0 0 0 0 0 0 0 0 0 0 0
0 0 0 0 0 0 0 0 0 0 0 0 0 3057 542771 0 0 907486 1144686 605 0 0 0 0
0 0 0 0 0 0 0 0 0 17938 2172310 969 35809 2176025 10770869 1813956 255 456 2492394 0 0 0 0 0
7781719 868414 0 0 0 0 0 0 0 61471 119145 9088 43890 34701 558957 4296821 44931 220689 0 84099 0 6750 2455 5134
27728993 957481 420452 0 0 0 0 0 0 0 37078 27504 29053 24869 520490 0 15800 290178 908120 42292 246087 1028 30970 233314
29631014 94828 0 0 0 0 0 22165 74279489 99121658 21109256 6397246 1278951 3654679 4291434 846693 504697 25719 12816 12257 9208 193 124 0
64920765 0 0 0 542928 19990725 7543 33112749 42009698 10113748 15191659 20970530 1059443 654953 116731 83758 6788 63333 96324 0 0 3961 6442 0
94859211 436702 0 0 136793849 35416479 364658 27144301 69120234 10176471 40667779 31889419 0 10520 221024 639 973 23683 0 0 0 0 0 0
41321267 14669415 3511994 59541051 288534506 273571485 299386292 77476070 106549991 156324785 92553377 128620 2076 494 0 0 0 0 0 0 0 70348 1350143 0
36847413 18688464 7202766 65774287 276208464 157096993 46569447 14924743 139447998 166089600 228103447 1672675 7796426 10513 0 0 0 0 0 40 0 0 0 0
