6223 18016 9233 119110 4153 12031 3488 23041 1539 2942 4976 4110 4574 9481 603 41769 147 3087 0 265707 70828 7738 21643 175675
6582 30512 45774 429243 127978 226410 362731 2000077 547989 74968 13536 3863 14522 20115 14645 15928 10190 5 0 0 0 2674582 52491189 29015457
0 0 0 0 0 8320714 6998507 2616396 996602 3346069 6101337 1970911 9091584 3628381 1347213 468544 0 0 0 0 0 0 17583116 65033328
0 0 0 0 0 3073744 36378223 10704725 8318695 13706529 35184946 64318495 64584440 9101336 6320 0 0 0 4364 241020 0 17308797 55294282 50262227
0 0 0 0 0 0 6687048 5635561 6452393 26643896 8333631 21761597 63586 25583 45593 0 0 0 0 0 2225626 10622212 5353521 1558877
0 70348 1350143 0 0 0 0 1703802 30220641 69818208 18614142 9963327 18190492 14577796 779503 0 0 0 0 198853 3201115 2788973 1617140 1000256
0 1071 0 0 0 0 0 0 0 0 26181844 14270610 36916520 24886108 8752836 935039 0 0 0 369520 15235795 35418990 74294947 137895413
0 2890 6442 0 0 0 0 0 0 0 30127 7597913 18878928 283995 650541 1908306 6896522 6448 0 0 0 98720 0 735204
9208 193 124 0 9835 0 0 0 0 0 0 5194689 22892948 1849608 4763819 1703709 8837613 33444935 12927799 0 664 458 0 0
246087 1028 30970 233314 7172 0 0 0 0 0 0 0 1583428 11348741 3769275 4423322 21805757 11473648 0 0 0 0 6311 0
0 6750 2455 5134 2267 0 0 7905 0 0 0 51 0 6045686 9055029 29522382 68486633 7253001 0 0 0 0 0 0
0 0 0 0 0 0 0 0 0 0 0 467 4080187 15811867 25372047 4260079 0 0 0 0 0 408 0 0
0 0 0 0 0 0 0 0 0 0 0 0 222392 750520 4931 0 0 0 0 0 0 0 0 0
0 0 0 0 0 0 0 0 0 0 0 0 47131 452993 3457 0 0 0 0 0 0 0 0 0
0 0 0 0 0 0 0 0 0 0 0 0 0 0 0 0 0 0 0 0 0 0 0 0
0 0 0 0 0 0 0 0 0 0 0 0 0 0 0 0 0 0 0 0 0 0 0 0
0 0 0 0 0 726754 13 0 0 0 0 0 0 0 0 0 0 0 0 0 0 0 273658 605
0 0 0 0 0 0 0 0 0 0 0 0 0 0 0 0 0 0 0 0 0 0 0 0
0 0 0 0 0 0 467646 0 0 0 0 0 0 0 0 0 0 0 0 0 8626 0 598520 0
0 0 0 0 0 0 0 0 0 0 0 0 0 0 0 0 0 0 0 0 0 0 0 0
0 0 0 0 0 0 0 0 0 0 0 0 0 0 0 0 0 0 0 0 0 0 0 0
0 0 0 0 0 0 0 0 0 0 0 0 0 0 0 0 0 0 0 0 0 116080 0 0
0 0 0 0 0 0 0 0 0 0 0 0 0 0 13 0 27 669719 6698084 0 0 791406 3616582 605
0 6072002 29638923 24440373 1452953 0 0 0 0 0 0 0 0 66177 2251354 2406 38006 1517345 4790282 2926921 255 2204 20498 0
94351 2630310 4404573 19829440 20129782 1811949 420452 0 0 0 0 0 0 13232 77149 20275 48176 40949 715967 3183856 60731 346707 774673 113127
14023533 16192685 21372963 40578554 30326482 14475 0 0 0 0 0 596 33728675 96037324 10059343 4122590 353418 770939 2195929 268813 501484 188131 144556 25521
8656567 28060706 17018388 101110222 34136299 94299 0 0 52960 0 0 5315708 51157244 9084813 18313408 4744021 1986003 3548954 2398433 579760 3213 9692 43166 0
96474600 20553420 14560253 43593417 102693611 197498 0 0 69769312 29958875 219053 31880127 75148031 5592590 10069459 42618178 21516 10898 3440 82517 7761 77324 54865 0
36882636 7078614 10021304 25855470 65887665 1016373 315444 124964479 152611393 69535562 161243 54598418 48480676 13577865 53105900 7806609 0 0 220141 0 0 0 0 0
322894 319277 139342 31019183 21296987 22598436 7075609 73659544 244004030 315535973 300348341 173835226 151805594 232691177 144649230 1470991 18508 2740 0 0 0 0 0 40
22330336 10109521 17819973 122181869 120913228 36344338 18848489 93873494 164852067 3545751 777538 4902909 111087089 246485674 390548691 76850865 49769466 68129653 0 0 0 0 0 0
56831876 38211882 35982178 24757547 35324300 1191303 4995489 13781643 11531703 9116033 6482321 388706 1369942 10626652 25781503 78457211 13805537 6553745 440485 197 0 0 0 0
82608299 53440918 32555987 23762154 61585419 12466344 9682638 4725782 4295582 8263509 4625090 1139669 4731994 991088 1981743 6887827 1352480 626253 721 50376 257140 674 226 572
3820691 5063537 6111365 7639099 3268077 1252767 676195 319568 1354190 35592 32762 34811 12694 95931 114952 126767 428618 19072 137488 20345 12193 6489 21452 3589
96500 354915 304374 831022 27401 85719 136688 98274 185530 27957 196296 3887 4088 27250 2466 10128 18229 10770 12600 6144 5537 11145 2606 4651
384 2196 3 0 37 0 1 7 0 0 0 0 19 3 0 0 0 0 0 0 0 0 0 0
0 0 0 0 0 0 0 0 0 0 0 0 0 0 0 0 0 0 0 0 0 0 0 0
0 0 0 0 0 0 0 0 0 0 0 0 0 0 0 0 0 0 0 0 0 0 0 0
0 0 0 0 0 0 0 0 0 0 22 8 1 0 84 0 0 0 0 0 0 0 0 0
0 0 0 0 0 0 0 12 28 346 16 1133 0 863 0 1082 0 0 0 0 0 0 0 0
