0 0 0 0 0 0 0 0 0 0 0 0 0 116080 0 0 0 0 0 0 0 0 0 0
0 0 0 0 0 0 13 0 27 669719 6698084 0 0 791406 3616582 605 0 0 0 0 0 0 0 0
0 0 0 0 0 66177 2251354 2406 38006 1517345 4790282 2926921 255 2204 20498 0 0 0 0 0 0 0 0 0
0 0 0 0 0 13232 77149 20275 48176 40949 715967 3183856 60731 346707 774673 113127 1618 7778 2916 226382 6270 0 0 7905
0 0 0 596 33728675 96037324 10059343 4122590 353418 770939 2195929 268813 501484 188131 144556 25521 253657 193 30626 12066 13004 0 0 0
52960 0 0 5315708 51157244 9084813 18313408 4744021 1986003 3548954 2398433 579760 3213 9692 43166 0 20 0 7 0 0 0 0 0
69769312 29958875 219053 31880127 75148031 5592590 10069459 42618178 21516 10898 3440 82517 7761 77324 54865 0 0 3961 6442 0 0 0 0 0
152611393 69535562 161243 54598418 48480676 13577865 53105900 7806609 0 0 220141 0 0 0 0 0 0 0 0 0 0 0 0 947
355514178 385093619 345292624 59333297 151805594 232691177 144649230 1470991 18508 2740 0 0 0 0 0 40 0 70348 1350143 0 0 0 1002 4091411
164852067 3545751 777538 4902909 111087089 246485674 390548691 76850865 49769466 68129653 0 0 0 0 0 0 0 0 0 0 0 2038727 41846522 11152905
11531703 9116033 6482321 388706 1369942 10626652 25781503 78457211 13805537 6553745 440485 197 0 0 0 0 0 0 0 0 0 5573056 5588363 3612704
4295582 8263509 4625090 1139669 4731994 991088 1981743 6887827 1352480 626253 721 50376 257140 674 226 572 5562 2797 14172 0 93442 4000573 2974382 3793423
1354190 35592 32762 34811 12694 95931 114952 126767 428618 19072 137488 20345 12193 6489 21452 3589 5657 37703 33379 546511 33360 10922 19170 30886
185530 27957 196296 3887 4088 27250 2466 10128 18229 10770 12600 6144 5537 11145 2606 4651 1586 8028 7456 8504 6949 1339 558 1335
0 0 0 0 19 3 0 0 0 0 0 0 0 0 0 0 0 0 0 0 0 0 0 3
0 0 0 0 0 0 0 0 0 0 0 0 0 0 0 0 0 0 0 0 0 0 0 0
0 0 0 0 0 0 0 0 0 0 0 0 0 0 0 0 0 0 0 0 0 0 0 0
0 0 22 8 1 0 84 0 0 0 0 0 0 0 0 0 0 0 0 0 0 37 1 0
28 346 16 1133 0 863 0 1082 0 0 0 0 0 0 0 0 384 2196 3 0 0 521 15 403
1539 2942 4976 4110 4574 9481 603 41769 147 3087 0 265707 70828 7738 21643 175675 713968 1052895 1764278 1211612 907444 384084 166945 218224
547989 74968 13536 3863 14522 20115 14645 15928 10190 5 0 0 0 2674582 52491189 29015457 42288903 25813168 19487418 16163637 49748473 12069939 9748289 2231782
996602 3346069 6101337 1970911 9091584 3628381 1347213 468544 0 0 0 0 0 0 17583116 65033328 81561382 53761757 38090993 23312484 27354210 1971440 906591 3189150
8318695 13706529 35184946 64318495 64584440 9101336 6320 0 0 0 4364 241020 0 17308797 55294282 50262227 37546523 24467416 32357849 49320829 115941695 26932213 20193952 68957746
6452393 26643896 8333631 21761597 63586 25583 45593 0 0 0 0 0 2225626 10622212 5353521 1558877 3809454 2367912 1151853 114986538 36847413 18688464 7202766 65774287
30220641 69818208 18614142 9963327 18190492 14577796 779503 0 0 0 0 198853 3201115 2788973 1617140 1000256 635152 285619 328536 15796569 41321267 14669415 3511994 59541051
0 0 26181844 14270610 36916520 24886108 8752836 935039 0 0 0 369520 15235795 164131535 34379558 49098257 81918861 16138525 16758211 24669693 94859211 436702 0 0
0 0 30127 7597913 18878928 283995 650541 1908306 6896522 6448 0 0 0 98720 0 735204 12862429 10905998 57136372 105131338 64920765 0 0 0
0 0 0 5194689 22892948 1849608 4763819 1703709 8837613 33444935 12927799 0 664 458 0 0 18480394 37681386 25901283 48455169 29631014 94828 0 0
0 0 0 0 1583428 11348741 3769275 4423322 21805757 11473648 0 0 0 0 6311 0 2342812 4724543 9808976 35632150 27728993 957481 420452 0
0 0 0 51 0 6045686 9055029 29522382 68486633 7253001 0 0 0 0 0 0 8726 1316698 25926370 30434120 7781719 868414 0 0
0 0 0 467 4080187 15811867 25372047 4260079 0 0 0 0 0 400 0 0 0 5625698 5137335 484211 0 0 0 0
0 0 0 0 222392 750520 4931 0 0 0 0 0 0 8 0 0 0 0 0 0 0 0 0 0
0 0 0 0 47131 452993 3457 0 0 0 0 0 0 0 0 0 0 0 0 0 0 0 0 0
0 0 0 0 0 0 0 0 0 0 0 0 0 0 0 0 0 0 0 0 0 0 0 0
0 0 0 0 0 0 0 0 0 0 0 0 0 0 0 0 0 0 0 0 0 0 0 0
0 0 0 0 0 0 0 0 0 0 0 0 0 0 273658 605 0 0 0 0 0 464202 3444 0
0 0 0 0 0 0 0 0 0 0 0 0 0 0 0 0 0 0 0 0 0 0 0 0
0 0 0 0 0 0 0 0 0 0 0 0 8626 0 598520 0 0 0 0 0 0 726754 13 0
0 0 0 0 0 0 0 0 0 0 0 0 0 0 0 0 0 0 0 0 0 0 0 0
0 0 0 0 0 0 0 0 0 0 0 0 0 0 0 0 0 0 0 0 0 0 0 0
